0.000000 0.000000 0.000000 0.000000 -0.000000 -0.000000 -0.000000 1.000000
0.103873 0.010968 -0.002602 0.422431 -0.000312 0.008982 0.000216 0.999960
0.207745 0.014212 -0.001489 0.515156 -0.001180 0.011699 -0.000653 0.999931
0.311874 0.020373 -0.002227 0.581594 -0.002343 0.014245 0.000042 0.999896
0.415872 0.026445 -0.002843 0.637142 -0.003374 0.016934 0.000884 0.999851
0.519999 0.028056 -0.003985 0.630130 -0.003241 0.017863 0.001453 0.999834
0.624120 0.030482 -0.002774 0.575479 -0.002631 0.019261 0.001181 0.999810
0.728245 0.033142 -0.002396 0.675109 -0.002995 0.022234 0.000314 0.999748
0.832496 0.033418 -0.003920 0.807961 -0.003851 0.023633 0.000272 0.999713
0.936622 0.033662 -0.005093 0.771686 -0.005800 0.025254 0.000257 0.999664
1.040770 0.032595 -0.002429 0.689613 -0.004817 0.025471 0.001002 0.999663
1.144873 0.036883 -0.001628 0.649929 -0.003933 0.026566 0.001847 0.999638
1.248998 0.034305 -0.001190 0.697691 -0.003900 0.026698 0.001032 0.999635
1.353147 0.029600 0.000054 0.726272 -0.004264 0.026257 -0.000015 0.999646
1.457124 0.033534 -0.001938 0.667411 -0.003022 0.026874 0.001281 0.999633
1.561124 0.038918 0.000374 0.562371 -0.002886 0.028312 0.001546 0.999594
1.665128 0.046252 -0.002559 0.548758 -0.001784 0.030288 0.000927 0.999539
1.768997 0.045198 -0.003093 0.559450 -0.001853 0.030054 0.000141 0.999547
1.872875 0.046488 -0.001880 0.504642 -0.002450 0.029949 0.000549 0.999548
1.976766 0.047164 -0.002529 0.503529 -0.002590 0.029812 0.000447 0.999552
2.080499 0.046122 -0.001290 0.493636 -0.002151 0.028221 0.001475 0.999598
2.184123 0.045400 -0.000854 0.529155 -0.001453 0.027462 0.002352 0.999619
2.287894 0.042166 -0.003097 0.464732 -0.001985 0.025075 0.002485 0.999681
2.391499 0.037597 -0.005592 0.469660 -0.000449 0.023410 0.000474 0.999726
2.495127 0.034934 -0.007417 0.490357 -0.000006 0.021551 0.000626 0.999768
2.598751 0.028744 -0.008560 0.509815 0.000606 0.018297 -0.000115 0.999832
2.702273 0.022983 -0.009144 0.489063 0.000637 0.015264 -0.000335 0.999883
2.805874 0.016896 -0.010003 0.517215 0.000461 0.012406 -0.001563 0.999922
2.909375 0.016099 -0.009499 0.585863 0.000140 0.010705 -0.000407 0.999943
3.012876 0.012541 -0.009506 0.619154 -0.000453 0.008081 0.000104 0.999967
3.116499 0.009663 -0.010104 0.712875 -0.001081 0.006951 0.000237 0.999975
3.220123 0.007586 -0.009793 0.694569 -0.001427 0.006235 -0.000309 0.999979
3.323750 0.006445 -0.008247 0.692398 -0.001298 0.006131 -0.000481 0.999980
3.427371 0.006845 -0.009946 0.746337 -0.001374 0.006340 0.000075 0.999979
3.531001 0.007094 -0.011868 0.759677 -0.001283 0.006021 0.000353 0.999981
3.634758 0.006016 -0.012521 0.763794 -0.001031 0.006048 0.000522 0.999981
3.738395 0.005070 -0.011312 0.776524 -0.000968 0.005846 0.000381 0.999982
3.842137 0.005472 -0.011014 0.789190 -0.001904 0.005587 0.000167 0.999983
3.945774 0.005233 -0.013434 0.861622 -0.001916 0.005516 0.000235 0.999983
4.049501 0.006059 -0.014903 0.825574 -0.001716 0.005614 0.000343 0.999983
4.153250 0.006383 -0.016056 0.812456 -0.000838 0.006026 0.000110 0.999981
4.257002 0.006564 -0.017364 0.824543 0.000057 0.006218 0.000711 0.999980
4.360751 0.007723 -0.019007 0.896064 0.000834 0.006885 0.000279 0.999976
4.464541 0.012647 -0.018776 0.856539 0.001083 0.008942 0.001218 0.999959
4.568398 0.015033 -0.018757 0.791823 0.001345 0.011072 0.000356 0.999938
4.672274 0.018447 -0.016751 0.783994 0.001041 0.012408 0.000032 0.999922
4.776128 0.023132 -0.016360 0.837106 0.000920 0.015162 0.000731 0.999884
4.880125 0.026211 -0.014922 0.883010 0.000335 0.016812 0.000322 0.999859
4.984148 0.025019 -0.015386 0.886475 0.000100 0.016190 -0.000300 0.999869
5.088126 0.024588 -0.016619 0.863951 0.001020 0.015308 0.000277 0.999882
5.192023 0.022071 -0.018071 0.922170 0.001875 0.014806 0.001452 0.999888
5.295877 0.019715 -0.016520 0.889616 0.002059 0.014154 0.000832 0.999897
5.399752 0.022604 -0.018648 0.959601 0.002376 0.015335 0.002747 0.999876
5.503628 0.020264 -0.018924 1.032503 0.002508 0.015366 0.003483 0.999873
5.607400 0.019986 -0.015724 0.993269 0.002593 0.014991 0.003376 0.999879
5.711251 0.015471 -0.016793 0.975039 0.002181 0.013362 0.003038 0.999904
5.815003 0.013989 -0.018339 0.938615 0.001285 0.012903 0.002315 0.999913
5.918752 0.008692 -0.019590 1.023283 0.003275 0.012147 0.002505 0.999918
6.022375 0.008512 -0.019377 1.003237 0.004999 0.012046 0.003558 0.999909
6.126131 0.008165 -0.016747 0.982101 0.005710 0.011723 0.003313 0.999909
6.229773 0.012695 -0.013761 0.899294 0.005598 0.013559 0.002058 0.999890
6.333503 0.010847 -0.014256 0.995082 0.004159 0.012947 0.002762 0.999904
6.437129 0.009767 -0.011575 0.907421 0.001183 0.012453 0.002342 0.999919
6.540880 0.006171 -0.009559 0.908215 -0.000702 0.011340 0.001582 0.999934
6.644505 0.003874 -0.007809 0.854967 -0.001928 0.010378 0.000957 0.999944
6.748254 0.003241 -0.011452 0.939065 -0.001862 0.009462 0.001040 0.999953
6.851878 0.002660 -0.012145 0.872626 -0.000094 0.008593 0.000496 0.999963
6.955504 0.001062 -0.015472 0.868967 0.001502 0.006442 0.001564 0.999977
7.059005 -0.002712 -0.018167 0.922937 0.001484 0.005476 -0.000000 0.999984
7.162754 -0.002863 -0.014461 0.889152 0.001599 0.006306 -0.001665 0.999977
7.266377 -0.000752 -0.014861 0.882159 -0.000276 0.006338 0.000241 0.999980
7.370130 -0.000280 -0.016429 0.881116 0.000137 0.004848 0.000967 0.999988
7.473752 -0.002154 -0.018937 0.894907 0.000750 0.003449 0.001066 0.999993
7.577401 -0.008647 -0.015928 0.815227 0.001043 0.001061 0.000166 0.999999
7.681003 -0.014883 -0.011159 0.781840 0.001279 -0.001281 0.000048 0.999998
7.784655 -0.018751 -0.012902 0.795945 -0.000461 -0.003397 0.001036 0.999994
7.888275 -0.027076 -0.011802 0.801489 0.000183 -0.005356 -0.001173 0.999985
7.991881 -0.030281 -0.013226 0.860485 -0.000037 -0.006146 -0.000911 0.999981
8.095633 -0.029703 -0.013888 0.916162 0.000428 -0.006250 -0.000742 0.999980
8.199389 -0.027053 -0.011795 0.941547 0.000103 -0.005189 -0.000725 0.999986
8.303130 -0.024459 -0.012243 1.009019 0.000081 -0.002872 -0.002431 0.999993
8.407006 -0.019870 -0.012879 1.053949 -0.000337 -0.000997 -0.002189 0.999997
8.510755 -0.018216 -0.014153 1.073391 -0.000440 -0.000346 -0.001590 0.999999
8.614628 -0.016788 -0.014072 1.056097 -0.000029 -0.000157 -0.000535 1.000000
8.718382 -0.016259 -0.016146 1.127481 -0.000103 -0.000184 -0.000277 1.000000
8.822133 -0.016438 -0.018815 1.258713 -0.000206 -0.000087 0.000503 1.000000
8.925883 -0.016981 -0.019030 1.214080 -0.000440 -0.000047 0.000214 1.000000
9.029629 -0.016778 -0.019215 1.222487 0.000057 -0.000328 0.000248 1.000000
9.133505 -0.017405 -0.019253 1.161279 -0.000228 -0.000265 -0.000870 1.000000
9.237279 -0.019101 -0.020787 1.183840 -0.000175 -0.000515 -0.000918 0.999999
9.341007 -0.019876 -0.017386 1.126149 0.000069 -0.000654 -0.001057 0.999999
9.444755 -0.018782 -0.016013 1.099390 -0.000522 -0.000599 -0.000081 1.000000
9.548508 -0.018930 -0.016369 1.097832 -0.001021 -0.000955 -0.000013 0.999999
9.652155 -0.019888 -0.018858 1.118374 -0.000512 -0.001281 -0.000603 0.999999
9.755883 -0.019163 -0.018635 1.066441 0.000098 -0.001128 -0.000442 0.999999
9.859630 -0.016381 -0.019748 1.039195 0.000372 -0.001085 -0.000436 0.999999
9.963509 -0.015475 -0.022823 1.103791 0.000415 -0.000466 -0.000181 1.000000
10.067270 -0.012488 -0.024231 1.078778 0.001232 0.000738 -0.000564 0.999999
10.171130 -0.008099 -0.023206 1.055141 0.001536 0.002064 -0.000282 0.999997
10.275010 -0.008823 -0.016411 1.034030 0.000961 0.002765 -0.000484 0.999996
10.378880 -0.006477 -0.014551 1.102993 -0.000536 0.003710 0.000520 0.999993
10.482760 -0.007250 -0.016597 1.102060 -0.001179 0.003518 0.000600 0.999993
10.586510 -0.005050 -0.019375 1.072822 -0.000189 0.003800 0.000144 0.999993
10.690390 -0.004298 -0.019919 1.006054 0.001855 0.002858 0.000630 0.999994
10.794130 -0.005382 -0.018763 0.946183 0.001327 0.002857 0.000058 0.999995
10.898010 -0.006281 -0.018034 1.002519 0.001207 0.002405 -0.000233 0.999996
11.001750 -0.007516 -0.016007 1.019207 0.000664 0.001687 -0.000156 0.999998
11.105390 -0.006418 -0.009346 0.968453 -0.000269 0.001650 0.000977 0.999998
11.209130 -0.008972 -0.010277 0.991418 -0.003763 0.001545 0.001241 0.999991
11.312890 -0.015725 -0.015921 1.049673 -0.004664 0.000375 -0.000494 0.999989
11.416630 -0.012140 -0.021642 1.021664 -0.000772 0.000548 0.000472 0.999999
11.520390 -0.011392 -0.023471 0.957241 0.002845 0.000155 0.000112 0.999996
11.624010 -0.012354 -0.021164 1.022259 0.003410 -0.000036 0.000235 0.999994
11.727800 -0.011159 -0.020204 0.988428 0.000610 -0.000161 0.001540 0.999999
11.831510 -0.013021 -0.015368 0.911680 -0.000235 -0.000300 -0.000104 1.000000
11.935260 -0.015319 -0.012487 0.931724 -0.001441 -0.000701 -0.001380 0.999998
12.038930 -0.014571 -0.013810 0.953008 -0.001995 -0.000449 -0.001246 0.999997
12.142640 -0.017524 -0.015469 0.977222 -0.002565 -0.000986 -0.002538 0.999993
12.246380 -0.017750 -0.016055 0.933676 -0.000597 -0.001204 -0.003723 0.999992
12.350150 -0.015648 -0.018672 1.038683 -0.000871 -0.001032 -0.001974 0.999997
12.453880 -0.013443 -0.021087 1.022575 -0.000278 -0.001093 0.000449 0.999999
12.557630 -0.017668 -0.019899 1.001449 0.001081 -0.002672 0.001119 0.999995
12.661390 -0.020229 -0.018300 1.000505 0.001364 -0.003532 0.000711 0.999993
12.765050 -0.022718 -0.018917 0.937742 -0.000074 -0.005111 0.001051 0.999986
12.868760 -0.021972 -0.018124 0.981209 0.000215 -0.005038 0.001814 0.999986
12.972400 -0.031872 -0.015307 1.030655 0.000219 -0.006839 -0.000810 0.999976
13.076170 -0.034670 -0.012686 1.008199 -0.000438 -0.007321 -0.001966 0.999971
13.179930 -0.034034 -0.014091 1.015302 -0.001630 -0.007535 -0.001851 0.999969
13.283680 -0.031156 -0.017487 1.113691 -0.000420 -0.006711 -0.000143 0.999977
13.387430 -0.031526 -0.018416 1.128237 -0.001039 -0.007161 0.000019 0.999974
13.491130 -0.031596 -0.023238 1.100362 -0.000209 -0.007086 -0.000104 0.999975
13.594890 -0.031854 -0.023487 1.092823 0.002228 -0.006365 -0.000092 0.999977
13.698760 -0.031599 -0.023832 1.074281 0.003872 -0.006295 0.000788 0.999972
13.802490 -0.030260 -0.018752 1.125829 0.001682 -0.006398 -0.000699 0.999978
13.906260 -0.030138 -0.014713 1.091459 -0.001935 -0.005799 -0.001434 0.999980
14.010030 -0.029981 -0.018180 1.083530 -0.002254 -0.006480 0.000415 0.999976
14.113800 -0.031772 -0.022869 1.154658 0.000637 -0.005307 0.000012 0.999986
14.217640 -0.028925 -0.024936 1.087427 0.002823 -0.003439 -0.000856 0.999990
14.321530 -0.026988 -0.024428 1.129202 0.003074 -0.002666 -0.000393 0.999992
14.425390 -0.026525 -0.022832 1.153786 0.001380 -0.002337 -0.001769 0.999995
14.529260 -0.023763 -0.021407 1.137421 0.000174 -0.002673 -0.000765 0.999996
14.633120 -0.023054 -0.017092 1.075128 0.000215 -0.003267 -0.000494 0.999995
14.736910 -0.020997 -0.015317 1.026967 -0.002220 -0.002866 -0.000333 0.999993
14.840760 -0.023215 -0.015709 1.095795 -0.001909 -0.002861 -0.000564 0.999994
14.944510 -0.026277 -0.017568 1.084197 -0.001537 -0.003672 -0.001324 0.999991
15.048260 -0.028907 -0.018299 1.137151 0.000004 -0.004198 -0.002288 0.999989
15.152010 -0.028566 -0.018806 1.110044 0.000904 -0.004056 -0.002181 0.999989
15.255760 -0.022261 -0.019273 1.085265 0.001698 -0.003229 0.001684 0.999992
15.359530 -0.021391 -0.014526 0.955005 0.001578 -0.003843 0.001760 0.999990
15.463280 -0.024750 -0.011274 0.946280 -0.000421 -0.004091 -0.000003 0.999992
15.567140 -0.023017 -0.012290 0.959058 -0.002354 -0.003969 0.000409 0.999989
15.670890 -0.023380 -0.015874 0.952765 -0.001764 -0.004141 0.000909 0.999989
15.774640 -0.022719 -0.018456 1.020724 0.001715 -0.002996 -0.000044 0.999994
15.878390 -0.022051 -0.017967 1.039091 0.001034 -0.003227 0.000259 0.999994
15.982160 -0.025193 -0.016734 1.041887 0.000152 -0.003717 -0.001467 0.999992
16.086050 -0.022454 -0.015815 1.027901 -0.000257 -0.003507 -0.000128 0.999994
16.189760 -0.023220 -0.017831 1.073299 -0.000387 -0.003781 0.000496 0.999993
16.293510 -0.021755 -0.016032 1.000687 0.000341 -0.003407 -0.000332 0.999994
16.397260 -0.023428 -0.018029 0.989428 0.000366 -0.004227 0.000358 0.999991
16.501030 -0.022551 -0.015038 0.971603 0.000573 -0.003390 -0.001437 0.999993
16.604760 -0.019315 -0.013603 0.951604 -0.000342 -0.002471 -0.001107 0.999996
16.708640 -0.016261 -0.016439 0.973164 -0.000337 -0.001870 0.000646 0.999998
16.812390 -0.016521 -0.016498 0.957249 -0.000030 -0.002426 0.000509 0.999997
16.916160 -0.016049 -0.014419 0.975595 0.000749 -0.002426 -0.000015 0.999997
17.020010 -0.017248 -0.015240 1.020393 -0.001550 -0.002620 0.000971 0.999995
17.123760 -0.015980 -0.016306 1.003700 -0.001658 -0.002432 0.001681 0.999994
17.227520 -0.019648 -0.017382 0.974242 -0.000873 -0.002306 -0.000040 0.999997
17.331410 -0.021764 -0.018619 0.965710 0.001154 -0.002345 -0.001491 0.999995
17.435140 -0.017999 -0.015076 0.959899 0.001200 -0.001194 -0.001176 0.999998
17.539040 -0.016357 -0.017082 0.953734 0.000078 -0.001068 -0.001987 0.999997
17.642890 -0.013883 -0.013795 0.950254 -0.000289 -0.001004 0.000367 0.999999
17.746640 -0.011920 -0.014183 0.986427 -0.002402 -0.000448 0.000565 0.999997
17.850540 -0.012464 -0.016675 1.096227 -0.002429 -0.000092 0.000034 0.999997
17.954270 -0.014298 -0.019966 1.033491 -0.001026 -0.000567 0.000328 0.999999
18.058140 -0.012491 -0.019582 1.028742 0.002158 0.000098 -0.000420 0.999998
18.161890 -0.013868 -0.016254 0.965796 0.001927 0.000216 -0.000772 0.999998
18.265770 -0.015413 -0.017495 1.080504 -0.000676 -0.000308 -0.000665 1.000000
18.369580 -0.014084 -0.018276 1.073761 -0.000598 -0.000418 -0.000156 1.000000
18.473380 -0.012232 -0.020304 1.097335 -0.000323 0.000030 0.001095 0.999999
18.577160 -0.013957 -0.019376 1.044662 0.001471 0.000505 -0.000580 0.999999
18.680990 -0.013303 -0.020158 1.087801 0.000755 0.000588 -0.000286 1.000000
18.784860 -0.013998 -0.024063 1.083620 0.001265 0.000005 -0.000779 0.999999
18.888520 -0.011579 -0.022058 1.131666 0.001780 0.000337 0.000239 0.999998
18.992370 -0.013084 -0.021607 1.046264 0.000521 0.000181 -0.000311 1.000000
19.096040 -0.012035 -0.017932 1.042516 0.000740 -0.000485 0.000076 1.000000
19.199890 -0.012434 -0.014880 1.094417 -0.000878 0.000190 0.001144 0.999999
19.303520 -0.016199 -0.017410 1.138403 -0.001507 -0.000741 -0.000332 0.999999
19.407390 -0.017655 -0.021167 1.033148 -0.002850 -0.001377 -0.000438 0.999995
19.511150 -0.019778 -0.022467 0.969397 -0.000237 -0.002016 -0.000166 0.999998
19.614770 -0.021295 -0.024765 1.025321 0.002784 -0.002726 -0.000374 0.999992
19.718390 -0.024395 -0.021627 0.967888 0.001982 -0.003522 -0.000888 0.999991
19.822140 -0.026554 -0.015564 0.982617 0.000353 -0.004869 -0.001118 0.999987
19.925670 -0.023624 -0.017203 0.951375 -0.002125 -0.004928 0.001142 0.999985
20.029410 -0.026851 -0.018339 0.915766 -0.000680 -0.005789 0.000775 0.999983
20.132890 -0.028185 -0.017810 0.946690 0.001646 -0.005637 0.000276 0.999983
20.236640 -0.027950 -0.019471 0.960160 0.001100 -0.005501 -0.000203 0.999984
20.340390 -0.027042 -0.019628 0.965558 0.000403 -0.005730 0.000136 0.999983
20.444020 -0.027888 -0.021819 0.922928 0.001135 -0.005676 -0.000422 0.999983
20.547770 -0.028442 -0.021651 0.898778 0.003147 -0.005724 -0.001305 0.999978
20.651520 -0.029369 -0.019038 0.905540 0.003692 -0.006240 -0.000295 0.999974
20.755270 -0.025472 -0.016216 0.901691 0.003686 -0.005010 -0.000556 0.999981
20.859140 -0.024105 -0.012009 0.899280 0.000329 -0.005536 0.000182 0.999985
20.962890 -0.024239 -0.013337 0.955265 -0.001826 -0.005302 -0.000474 0.999984
21.066770 -0.024548 -0.017408 0.923615 -0.001125 -0.005333 -0.000348 0.999985
21.170640 -0.024402 -0.017936 0.862271 0.003130 -0.004174 -0.000683 0.999986
21.274520 -0.017518 -0.013874 0.831995 0.003898 -0.002616 -0.000560 0.999989
21.378530 -0.010976 -0.010266 0.718204 0.000925 -0.001149 -0.000720 0.999999
21.482520 -0.007811 -0.011688 0.710768 -0.002439 0.000333 -0.000919 0.999997
21.586400 -0.007228 -0.013275 0.777800 -0.002050 0.000885 -0.000658 0.999997
21.690420 -0.005007 -0.017151 0.826391 -0.001277 0.001387 -0.000462 0.999998
21.794280 -0.004444 -0.016446 0.910429 -0.000196 0.002105 -0.000476 0.999998
21.898270 -0.007526 -0.017847 1.032238 -0.000139 0.002727 -0.001162 0.999996
22.002150 -0.007289 -0.016435 0.976421 -0.001045 0.003018 -0.000851 0.999995
22.106150 -0.005609 -0.014723 1.003080 -0.000196 0.002879 -0.000805 0.999996
22.210070 -0.003616 -0.013056 0.976092 -0.000963 0.003710 -0.000179 0.999993
22.313900 -0.003274 -0.015139 0.920749 -0.001361 0.002868 0.001053 0.999994
22.417770 -0.003531 -0.018549 0.933856 -0.000128 0.002734 0.000299 0.999996
22.521520 -0.005837 -0.020124 0.939712 0.000470 0.002256 -0.000155 0.999997
22.625400 -0.007600 -0.018156 0.884394 0.001207 0.001341 -0.000828 0.999998
22.729170 -0.008830 -0.016670 0.900231 0.001115 0.000741 -0.000220 0.999999
22.832900 -0.012362 -0.012674 0.945857 0.001055 0.000113 -0.000217 0.999999
22.936520 -0.014411 -0.012024 0.854004 -0.000457 -0.000947 0.000320 0.999999
23.040140 -0.019039 -0.013732 0.793094 -0.001761 -0.002453 0.001323 0.999995
23.143770 -0.020350 -0.015095 0.780409 0.000159 -0.003528 0.000772 0.999993
23.247420 -0.023787 -0.012816 0.817641 0.000448 -0.005734 0.001172 0.999983
23.351020 -0.030406 -0.007570 0.776249 -0.000165 -0.008294 0.000596 0.999965
23.454650 -0.033916 -0.004797 0.751064 -0.001414 -0.008880 0.000145 0.999960
23.558270 -0.039240 -0.003656 0.715325 -0.002524 -0.010574 -0.000784 0.999941
23.662020 -0.036853 -0.004335 0.756185 -0.002837 -0.010224 -0.000579 0.999944
23.765650 -0.039902 -0.003250 0.821180 -0.003430 -0.010505 -0.000366 0.999939
23.869400 -0.036871 -0.005733 0.791217 -0.003272 -0.010206 0.000164 0.999943
23.973020 -0.037297 -0.006283 0.769013 -0.002864 -0.010218 -0.000131 0.999944
24.076780 -0.034247 -0.008719 0.826971 -0.001123 -0.009149 0.000811 0.999957
24.180540 -0.031993 -0.010427 0.797138 -0.001146 -0.009082 0.001643 0.999957
24.284160 -0.034812 -0.009164 0.866352 -0.000637 -0.009277 0.000714 0.999957
24.387900 -0.034007 -0.006306 0.821816 -0.001282 -0.009142 -0.000093 0.999957
24.491650 -0.027739 -0.006967 0.743519 -0.002100 -0.006887 0.000001 0.999974
24.595400 -0.021923 -0.011245 0.753164 -0.001607 -0.005266 0.001822 0.999983
24.699270 -0.021695 -0.014276 0.833976 -0.000486 -0.004540 0.001492 0.999988
24.803110 -0.023790 -0.018302 0.842096 0.001134 -0.004727 -0.000737 0.999988
24.906780 -0.022873 -0.016958 0.820600 0.003179 -0.004099 -0.000707 0.999986
25.010540 -0.016715 -0.013620 0.727582 0.005421 -0.002521 0.001509 0.999981
25.114270 -0.014365 -0.008397 0.760231 0.004316 -0.002816 0.002025 0.999985
25.218040 -0.015357 -0.005208 0.728452 -0.000824 -0.003127 -0.000533 0.999995
25.321770 -0.016201 -0.007900 0.802272 -0.004140 -0.001824 0.000960 0.999989
25.425520 -0.016491 -0.012008 0.805149 -0.006804 -0.000468 0.000409 0.999977
25.529390 -0.011242 -0.011610 0.739322 -0.004931 -0.000785 0.001139 0.999987
25.633210 -0.007987 -0.012334 0.709911 0.000129 -0.000230 0.001940 0.999998
25.737020 -0.009582 -0.011303 0.697413 0.001484 -0.000517 0.001422 0.999998
25.840800 -0.012109 -0.007121 0.748465 0.000242 -0.000664 0.001216 0.999999
25.944520 -0.016584 -0.005516 0.753743 -0.001364 -0.001413 -0.000753 0.999998
26.048150 -0.016879 -0.006008 0.764176 -0.001778 -0.001791 -0.000585 0.999997
26.151900 -0.016276 -0.007817 0.800532 -0.002549 -0.001864 -0.000088 0.999995
26.255540 -0.016912 -0.007628 0.752658 -0.000991 -0.002660 -0.000001 0.999996
26.359150 -0.018798 -0.007797 0.727442 -0.000425 -0.004129 0.000697 0.999991
26.462800 -0.020398 -0.008734 0.684202 -0.000981 -0.004864 0.000337 0.999988
26.566610 -0.022912 -0.011498 0.710562 -0.000362 -0.005669 0.001056 0.999983
26.670290 -0.028061 -0.012653 0.707047 0.000955 -0.006844 -0.000869 0.999976
26.773900 -0.028704 -0.009928 0.681391 0.001842 -0.007304 -0.000474 0.999972
26.877670 -0.030233 -0.007301 0.668397 0.001425 -0.007767 -0.000763 0.999969
26.981280 -0.029003 -0.005009 0.729990 0.000801 -0.007676 0.000457 0.999970
27.085020 -0.029704 -0.007952 0.764330 -0.001311 -0.006837 -0.000173 0.999976
27.188790 -0.027706 -0.008152 0.723790 -0.000833 -0.006589 -0.000380 0.999978
27.292530 -0.026700 -0.006814 0.784285 -0.000465 -0.006062 -0.001125 0.999981
27.396270 -0.025853 -0.008325 0.793002 -0.001396 -0.004453 -0.001674 0.999988
27.500020 -0.020752 -0.007220 0.752004 -0.000069 -0.003507 -0.001278 0.999993
27.603900 -0.014590 -0.011443 0.797052 -0.001277 -0.001697 0.001091 0.999997
27.707780 -0.011209 -0.017778 0.865673 -0.001334 -0.000171 0.002029 0.999997
27.811650 -0.008616 -0.019349 0.879581 0.001335 0.000490 0.000982 0.999999
27.915520 -0.008929 -0.019540 0.840722 0.000678 0.000382 0.000416 1.000000
28.019400 -0.007788 -0.014538 0.855961 0.001481 0.000194 0.001393 0.999998
28.123280 -0.006738 -0.011150 0.927312 -0.000216 0.000533 0.002071 0.999998
28.227150 -0.007040 -0.012735 0.888325 -0.002461 0.000406 0.001985 0.999995
28.330900 -0.006281 -0.012658 0.846421 -0.001176 0.000830 0.001059 0.999998
28.434770 -0.006128 -0.015366 0.857096 -0.000622 0.000998 0.001128 0.999999
28.538650 -0.006709 -0.015854 0.800236 0.000153 0.000829 0.000602 0.999999
28.642420 -0.006619 -0.016320 0.827709 -0.000117 0.000693 0.000067 1.000000
28.746150 -0.008682 -0.020133 0.898131 0.000425 0.000306 -0.000323 1.000000
28.849900 -0.008682 -0.022146 0.906125 0.001978 0.000228 -0.000165 0.999998
28.953800 -0.009693 -0.017825 0.939927 0.003100 0.000176 -0.000225 0.999995
29.057520 -0.010980 -0.012822 0.915738 0.001257 0.000095 -0.000353 0.999999
29.161270 -0.010288 -0.012241 0.900789 -0.001187 -0.000157 -0.000319 0.999999
29.264900 -0.010917 -0.017044 0.911762 -0.001584 0.000156 -0.000103 0.999999
29.368650 -0.009013 -0.015896 0.907836 -0.000121 0.000844 -0.001642 0.999998
29.472530 -0.006450 -0.014782 0.953560 -0.000134 0.002367 -0.001532 0.999996
29.576300 -0.004140 -0.015118 0.949513 -0.000339 0.003767 0.000479 0.999993
29.680170 -0.000393 -0.019242 0.975940 0.000340 0.005375 0.001978 0.999984
29.783900 0.001486 -0.018338 0.952665 0.001325 0.006254 0.002200 0.999977
29.887780 0.000066 -0.013359 0.918822 0.001949 0.006492 0.000600 0.999977
29.991660 0.001077 -0.007653 0.901298 0.000029 0.007162 0.000201 0.999974
30.095530 0.003665 -0.010780 0.853343 -0.002320 0.007086 0.002017 0.999970
30.199280 0.001119 -0.012462 0.889415 -0.003177 0.005140 0.001730 0.999980
30.303050 -0.001664 -0.013576 0.920537 -0.002195 0.003314 0.001255 0.999991
30.406780 -0.006681 -0.013460 0.940373 -0.001041 0.001767 -0.000732 0.999998
30.510400 -0.007163 -0.014407 0.917141 -0.000748 0.000999 0.000491 0.999999
30.614030 -0.009665 -0.014785 0.876344 -0.000349 0.000405 0.000946 0.999999
30.717780 -0.010251 -0.016043 0.924861 0.001111 -0.000071 0.001216 0.999999
30.821410 -0.013716 -0.013889 0.910148 0.000480 -0.000327 -0.000204 1.000000
30.925160 -0.013922 -0.012796 0.898362 -0.000556 -0.000626 0.000151 1.000000
31.028780 -0.014938 -0.012528 0.938322 -0.000622 -0.000801 0.000423 0.999999
31.132530 -0.013705 -0.013414 0.947323 -0.000514 -0.001029 0.001102 0.999999
31.236300 -0.014313 -0.013643 0.962903 -0.000033 -0.001249 0.001869 0.999997
31.340050 -0.015499 -0.010500 0.960296 -0.000644 -0.001720 0.001981 0.999996
31.443650 -0.016462 -0.007277 0.907985 -0.000942 -0.002049 0.000072 0.999997
31.547410 -0.015890 -0.010319 0.935958 -0.002118 -0.002262 0.000486 0.999995
31.651030 -0.016818 -0.013884 0.987769 -0.002007 -0.002084 -0.000372 0.999996
31.754790 -0.017392 -0.019158 0.967307 -0.000229 -0.001988 -0.000179 0.999998
31.858530 -0.019891 -0.021029 0.977510 0.001479 -0.002467 -0.001236 0.999995
31.962280 -0.020681 -0.019159 1.009752 0.001924 -0.002527 -0.001226 0.999994
32.066030 -0.018323 -0.016062 0.977348 0.000611 -0.002628 -0.000530 0.999996
32.169650 -0.016586 -0.019390 0.964487 -0.000772 -0.002054 -0.000113 0.999998
32.273410 -0.016346 -0.021708 0.987816 0.000468 -0.002187 -0.000184 0.999997
32.377150 -0.013343 -0.020195 0.939026 0.001189 -0.001900 0.000825 0.999997
32.480910 -0.013431 -0.017551 0.918300 0.000170 -0.001878 0.001609 0.999997
32.584530 -0.014912 -0.019465 0.922739 -0.000704 -0.001829 0.001300 0.999997
32.688280 -0.013347 -0.020859 0.936974 0.000458 -0.001920 0.001773 0.999996
32.791900 -0.015027 -0.021026 0.945868 0.000398 -0.001841 0.001185 0.999998
32.895660 -0.016500 -0.017563 0.998758 0.000703 -0.001995 -0.000597 0.999998
32.999410 -0.017604 -0.018983 1.011879 -0.001266 -0.002143 -0.001591 0.999996
33.103170 -0.019726 -0.022302 1.011980 -0.000834 -0.002636 0.000058 0.999996
33.206780 -0.016810 -0.024095 0.953149 0.001641 -0.002414 0.001750 0.999994
33.310530 -0.018742 -0.020674 0.967228 0.003687 -0.002136 0.000433 0.999991
33.414280 -0.018995 -0.014821 0.918404 0.001946 -0.001739 -0.001561 0.999995
33.518170 -0.017263 -0.011441 0.944359 -0.001781 -0.001550 -0.000377 0.999997
33.621780 -0.012678 -0.012337 0.974133 -0.004474 -0.000415 0.001173 0.999989
33.725530 -0.011265 -0.013596 0.966827 -0.005211 -0.000243 0.001048 0.999986
33.829280 -0.014270 -0.016932 1.024830 -0.004098 -0.000850 0.000254 0.999991
33.933050 -0.015662 -0.018506 0.872210 -0.000858 -0.001402 0.000222 0.999999
34.036660 -0.020580 -0.022440 0.904244 0.002731 -0.001592 -0.000670 0.999995
34.140410 -0.022346 -0.019878 0.879843 0.003015 -0.002470 -0.000992 0.999992
34.244030 -0.019699 -0.018162 0.874776 0.002342 -0.002316 -0.000062 0.999995
34.347780 -0.017592 -0.019199 0.902664 0.001472 -0.002645 0.001036 0.999995
34.451530 -0.017215 -0.014634 0.899182 0.001295 -0.002186 0.000834 0.999996
34.555160 -0.017356 -0.012129 0.935839 -0.000698 -0.001637 0.000430 0.999998
34.658910 -0.018432 -0.009821 0.980386 -0.002168 -0.001561 0.000442 0.999996
34.762530 -0.016974 -0.010175 0.987710 -0.002522 -0.001130 0.000747 0.999996
34.866280 -0.016575 -0.010298 0.930978 -0.002616 -0.001173 -0.000219 0.999996
34.970030 -0.015079 -0.008902 0.940930 -0.002165 -0.001193 0.000125 0.999997
35.073910 -0.015559 -0.011526 0.891150 -0.003081 -0.001401 -0.000287 0.999994
35.177560 -0.019376 -0.021334 0.940898 0.000113 -0.001119 -0.001277 0.999999
35.281280 -0.020849 -0.020030 0.873950 0.004116 -0.002805 -0.001337 0.999987
35.385050 -0.015527 -0.013854 0.896639 0.008529 -0.001570 0.001451 0.999961
35.488660 -0.012784 -0.011427 0.876172 0.004995 -0.001078 0.000730 0.999987
35.592410 -0.012926 -0.011138 0.915190 -0.001342 -0.000571 0.000335 0.999999
35.696160 -0.013490 -0.012717 0.838414 -0.002817 -0.000336 0.000075 0.999996
35.799780 -0.012934 -0.016413 0.844157 -0.000336 -0.000861 0.001146 0.999999
35.903530 -0.012884 -0.015535 0.891523 0.000834 -0.000467 0.001574 0.999998
36.007180 -0.012243 -0.011833 0.864789 0.000217 -0.000828 0.002041 0.999998
36.110910 -0.012770 -0.010701 0.879249 -0.001933 -0.000398 0.000237 0.999998
36.214530 -0.012988 -0.012708 0.802593 -0.001072 -0.000292 -0.000984 0.999999
36.318290 -0.012966 -0.017751 0.814021 0.000447 -0.000467 -0.000299 1.000000
36.422040 -0.013227 -0.017092 0.856344 0.002090 -0.001057 0.000587 0.999997
36.525780 -0.012924 -0.014371 0.868283 0.000946 -0.001380 0.000148 0.999999
36.629530 -0.013705 -0.011852 0.848142 -0.000759 -0.001649 0.000766 0.999998
36.733280 -0.017351 -0.013752 0.980916 -0.001233 -0.002351 0.000120 0.999996
36.837040 -0.017890 -0.015516 0.887960 -0.000940 -0.002598 -0.000353 0.999996
36.940790 -0.016599 -0.016162 0.858732 0.000370 -0.002571 0.001643 0.999995
37.044540 -0.019283 -0.018351 0.814113 0.000926 -0.003110 0.000262 0.999995
37.148290 -0.019982 -0.017065 0.827609 0.001607 -0.003141 -0.001117 0.999993
37.252040 -0.018691 -0.015546 0.776067 0.002136 -0.003578 0.000988 0.999991
37.355660 -0.017748 -0.014327 0.770013 0.001689 -0.004027 0.001517 0.999989
37.459410 -0.017196 -0.012462 0.734603 0.001355 -0.004716 0.001615 0.999987
37.563030 -0.018129 -0.013092 0.753099 0.000614 -0.005931 0.002847 0.999978
37.666660 -0.026130 -0.009983 0.785282 0.000935 -0.007337 0.001146 0.999972
37.770280 -0.028519 -0.010860 0.808431 -0.000457 -0.007833 -0.000082 0.999969
37.874040 -0.031954 -0.012886 0.893439 -0.001744 -0.008290 -0.000181 0.999964
37.977790 -0.031695 -0.013690 0.878141 -0.001514 -0.008144 -0.000831 0.999965
38.081530 -0.029200 -0.015532 0.855395 0.000192 -0.006485 -0.002089 0.999977
38.185280 -0.028234 -0.016819 0.909498 0.000993 -0.005016 -0.001825 0.999985
38.289160 -0.022640 -0.018909 0.987002 0.000954 -0.003127 -0.000583 0.999994
38.393160 -0.014455 -0.019786 0.935807 0.000367 -0.000174 -0.001023 0.999999
38.497160 -0.004250 -0.018994 0.869849 0.001235 0.002643 -0.000269 0.999996
38.601160 -0.001710 -0.019520 0.945841 0.001955 0.004392 -0.000310 0.999988
38.705160 0.002294 -0.015758 0.934029 0.001918 0.006174 0.000431 0.999979
38.809290 0.002676 -0.014251 0.994489 0.000137 0.006354 0.001999 0.999978
38.913290 0.002244 -0.015588 0.939061 -0.001917 0.006537 0.001363 0.999976
39.017160 -0.000205 -0.014135 0.956329 -0.000396 0.006247 -0.000075 0.999980
39.121160 0.003650 -0.018699 0.920287 -0.000633 0.006269 0.001374 0.999979
39.225040 0.003559 -0.015870 0.950687 0.001160 0.005925 0.001009 0.999981
39.328910 0.003152 -0.016919 0.912390 0.000912 0.005032 0.000743 0.999987
39.432660 -0.000461 -0.012817 0.935352 0.001127 0.003714 -0.000504 0.999992
39.536410 -0.001685 -0.011774 0.952980 -0.000711 0.003424 0.000081 0.999994
39.640160 -0.003934 -0.011777 1.004040 -0.002160 0.002658 -0.000162 0.999994
39.743820 -0.003190 -0.013203 0.934122 -0.002864 0.002729 0.000742 0.999992
39.847560 -0.007622 -0.017010 0.962208 -0.001844 0.001307 0.000558 0.999997
39.951290 -0.012017 -0.021239 0.973633 0.001083 0.000948 -0.001248 0.999998
40.055040 -0.011227 -0.017133 0.835059 0.004170 0.000676 -0.001797 0.999989
40.158660 -0.011724 -0.014851 0.922040 0.006675 -0.000081 -0.000558 0.999978
40.262420 -0.011571 -0.009695 0.844303 0.004608 0.000457 -0.000517 0.999989
40.366160 -0.010713 -0.012388 0.890961 -0.000495 0.000191 0.000490 1.000000
40.469910 -0.010793 -0.011691 0.850568 -0.001761 0.000048 0.000439 0.999998
40.573540 -0.009883 -0.012691 0.863976 -0.000949 -0.000285 0.001450 0.999998
40.677280 -0.011891 -0.012528 0.902187 -0.000750 -0.000682 0.001750 0.999998
40.781040 -0.015238 -0.012877 0.881335 -0.001496 -0.001709 0.001170 0.999997
40.884790 -0.016259 -0.014066 0.872597 -0.000254 -0.002296 0.000877 0.999997
40.988410 -0.017660 -0.014034 0.865757 -0.000079 -0.002589 0.000523 0.999997
41.092170 -0.016969 -0.013885 0.855201 0.000103 -0.002304 0.000261 0.999997
41.195790 -0.020871 -0.014957 0.869224 -0.000291 -0.002799 -0.001096 0.999995
41.299420 -0.018119 -0.016612 0.870267 0.001123 -0.002838 0.000240 0.999995
41.403160 -0.016299 -0.016634 0.829684 0.001955 -0.002771 0.002397 0.999991
41.506790 -0.018220 -0.015844 0.844100 0.002581 -0.003604 0.001880 0.999988
41.610540 -0.020251 -0.011868 0.780050 0.001340 -0.003818 0.000687 0.999992
41.714170 -0.025673 -0.007952 0.840903 -0.000488 -0.005029 -0.000765 0.999987
41.817920 -0.025863 -0.008983 0.863794 -0.002633 -0.004876 -0.001374 0.999984
41.921540 -0.025578 -0.010749 0.899245 -0.002713 -0.004726 -0.001107 0.999985
42.025300 -0.025909 -0.011902 0.953897 -0.002689 -0.004648 -0.001060 0.999985
42.128920 -0.023734 -0.014301 0.926908 -0.001520 -0.004334 0.000558 0.999989
42.232670 -0.026868 -0.018961 0.934593 0.002040 -0.004266 -0.001353 0.999988
42.336290 -0.026421 -0.017951 0.851451 0.004487 -0.004256 -0.000674 0.999981
42.440040 -0.028978 -0.016291 0.875973 0.005162 -0.004824 -0.001096 0.999974
42.543790 -0.024175 -0.016371 0.870103 0.003763 -0.004523 0.001134 0.999982
42.647420 -0.021843 -0.014183 0.924304 0.002914 -0.004670 0.002016 0.999983
42.751180 -0.018291 -0.010492 0.870186 -0.000226 -0.004124 0.003208 0.999986
42.854790 -0.022642 -0.009623 0.838200 -0.002113 -0.005051 0.001546 0.999984
42.958540 -0.023670 -0.011099 0.898018 -0.003243 -0.005048 0.001088 0.999981
43.062290 -0.024709 -0.011705 0.969836 -0.002040 -0.004432 0.000512 0.999988
43.166060 -0.024562 -0.014250 1.000171 -0.001114 -0.004308 -0.000028 0.999990
43.269790 -0.024729 -0.013785 0.989888 0.000023 -0.003986 -0.000913 0.999992
43.373560 -0.022808 -0.013662 1.055331 -0.001296 -0.003598 -0.000742 0.999992
43.477330 -0.019274 -0.017181 1.071840 -0.001132 -0.002750 0.001532 0.999994
43.581040 -0.020801 -0.022676 1.050222 0.000479 -0.002590 0.001056 0.999996
43.684940 -0.020220 -0.022007 0.993362 0.002535 -0.003432 0.001374 0.999990
43.788690 -0.021412 -0.019195 1.031718 0.001730 -0.003580 0.000320 0.999992
43.892430 -0.020765 -0.016857 1.063025 -0.000325 -0.003379 0.000207 0.999994
43.996060 -0.021246 -0.014000 1.043957 -0.002225 -0.002993 -0.000848 0.999993
44.099960 -0.022914 -0.020477 1.084618 -0.002385 -0.003626 -0.000456 0.999990
44.203560 -0.021835 -0.023302 1.054675 0.000527 -0.002820 0.000986 0.999995
44.307300 -0.024242 -0.025077 1.130230 0.001866 -0.002846 -0.000500 0.999994
44.411040 -0.022933 -0.024142 1.193848 0.002615 -0.002678 0.000302 0.999993
44.514790 -0.020321 -0.020555 1.107539 0.000573 -0.003174 0.001121 0.999994
44.618540 -0.020018 -0.019109 1.069283 -0.000228 -0.003296 0.001606 0.999993
44.722330 -0.020133 -0.022410 1.093749 -0.000406 -0.003087 0.001856 0.999993
44.826160 -0.021213 -0.019728 1.070313 0.000522 -0.003593 0.001326 0.999993
44.929790 -0.019364 -0.019411 1.037825 -0.000265 -0.002983 0.001555 0.999994
45.033540 -0.017908 -0.019995 1.033440 -0.001143 -0.002632 0.000866 0.999996
45.137340 -0.021062 -0.023336 1.070093 -0.000322 -0.002850 -0.000259 0.999996
45.241040 -0.020169 -0.021098 1.060854 0.001082 -0.002610 0.000228 0.999996
45.344810 -0.018278 -0.020367 1.110293 -0.000129 -0.002567 0.000405 0.999997
45.448540 -0.016850 -0.017108 1.073638 0.000524 -0.002960 0.002023 0.999993
45.552290 -0.018594 -0.018352 0.935638 -0.001394 -0.003029 0.000253 0.999994
45.656170 -0.016936 -0.020168 1.042222 0.001379 -0.002317 0.000255 0.999996
45.759920 -0.014957 -0.017110 1.081935 -0.000488 -0.002308 0.001237 0.999996
45.863670 -0.016814 -0.015696 1.087620 -0.001511 -0.002142 -0.001090 0.999996
45.967420 -0.016283 -0.017857 1.004411 -0.001737 -0.001971 -0.000823 0.999996
46.071290 -0.014000 -0.014943 1.026345 -0.000053 -0.001271 0.000579 0.999999
46.175050 -0.015199 -0.018651 1.063250 -0.002585 -0.001385 0.001208 0.999995
46.278790 -0.017760 -0.024325 1.025403 0.000274 -0.001840 -0.000791 0.999998
46.382670 -0.019001 -0.028744 1.068108 0.002394 -0.000866 -0.001201 0.999996
46.486540 -0.010285 -0.020572 0.973360 0.004020 -0.000001 0.000755 0.999992
46.590420 -0.010006 -0.017469 0.985636 -0.000007 -0.000373 -0.000484 1.000000
46.694170 -0.010899 -0.012602 1.004377 -0.000851 0.000182 -0.001272 0.999999
46.798050 -0.006391 -0.014260 1.029772 -0.002805 0.001095 -0.000264 0.999995
46.901920 -0.003932 -0.019597 1.022128 -0.000570 0.001945 -0.000310 0.999998
47.005800 -0.003645 -0.021177 1.071687 0.000027 0.003167 -0.000672 0.999995
47.109670 -0.005081 -0.021351 1.050459 0.002052 0.003610 -0.002272 0.999989
47.213560 -0.001427 -0.020841 1.031718 0.001484 0.004322 -0.001055 0.999989
47.317420 0.000515 -0.016390 1.024416 0.001015 0.004780 0.000339 0.999988
47.421170 -0.001593 -0.016313 0.988584 -0.000676 0.004692 0.000193 0.999989
47.525050 -0.001722 -0.014016 0.993625 0.000274 0.004391 -0.000159 0.999990
47.628800 -0.002971 -0.010434 0.945453 -0.001671 0.004309 -0.001429 0.999988
47.732670 -0.004329 -0.011375 0.957087 -0.003337 0.004690 -0.000890 0.999983
47.836440 -0.006187 -0.021046 1.040837 -0.002721 0.004003 -0.000815 0.999988
47.940170 -0.002378 -0.023781 0.932435 0.001302 0.004317 -0.000693 0.999990
48.043920 -0.002457 -0.021716 0.971471 0.003252 0.003991 -0.000896 0.999986
48.147690 -0.002388 -0.014595 1.019655 0.002651 0.004047 0.000576 0.999988
48.251420 -0.001753 -0.014432 1.045462 0.000014 0.003959 0.000696 0.999992
48.355050 -0.002585 -0.014261 1.004553 -0.000952 0.003621 -0.000265 0.999993
48.458800 -0.004488 -0.015191 0.990677 -0.000679 0.003624 -0.000351 0.999993
48.562550 -0.005878 -0.015427 0.990062 -0.000426 0.003017 0.000264 0.999995
48.666190 -0.006752 -0.016340 1.017169 -0.000695 0.002877 -0.000518 0.999995
48.769940 -0.008270 -0.017744 1.058588 -0.000578 0.002764 -0.000896 0.999996
48.873550 -0.006828 -0.018094 1.085459 -0.000110 0.002254 0.000057 0.999997
48.977300 -0.007600 -0.019177 1.067566 -0.000186 0.002141 -0.000636 0.999997
49.080930 -0.007723 -0.016749 1.081025 0.000305 0.002069 0.000350 0.999998
49.184670 -0.007639 -0.017425 1.060320 0.000166 0.002052 0.000236 0.999998
49.288320 -0.008173 -0.016294 1.065754 0.000025 0.001641 0.000518 0.999999
49.392050 -0.006071 -0.016902 1.121829 -0.000448 0.001821 0.000700 0.999998
49.495800 -0.006499 -0.017822 1.069706 -0.000202 0.001600 0.000771 0.999998
49.599420 -0.009676 -0.013773 1.064760 -0.000769 0.001550 -0.001422 0.999997
49.703170 -0.009126 -0.019046 1.145434 -0.001020 0.002040 -0.000563 0.999997
49.806800 -0.008795 -0.021272 1.121608 0.000136 0.001829 -0.000606 0.999998
49.910550 -0.008432 -0.018995 1.100538 0.001238 0.001479 0.000627 0.999998
50.014170 -0.009995 -0.011465 1.064680 -0.000418 0.000856 0.001175 0.999999
50.117990 -0.011988 -0.010951 1.100055 -0.002614 -0.000038 0.001504 0.999995
50.221580 -0.013401 -0.015004 1.070228 -0.004219 0.000134 0.001116 0.999990
50.325300 -0.012771 -0.020773 1.144834 -0.002677 0.000127 0.001112 0.999996
50.428990 -0.010341 -0.025383 1.057599 0.000608 0.000909 0.001157 0.999999
50.532690 -0.010820 -0.028563 1.072959 0.003067 0.000887 0.000530 0.999995
50.636450 -0.008674 -0.023657 1.034098 0.003269 0.000941 0.000208 0.999994
50.740210 -0.006850 -0.016418 1.015194 0.001170 0.001079 0.000789 0.999998
50.843990 -0.008046 -0.012555 1.062393 -0.001095 0.000803 0.001474 0.999998
50.947600 -0.008621 -0.015277 1.105984 -0.002488 0.000839 0.001170 0.999996
51.051200 -0.008449 -0.017337 1.081033 -0.002310 0.000867 0.000651 0.999997
51.154950 -0.009859 -0.018434 1.096866 -0.001915 0.000824 0.000571 0.999998
51.258560 -0.010853 -0.022014 1.150319 -0.000991 0.000542 -0.000211 0.999999
51.362310 -0.010889 -0.019967 1.021236 0.001057 0.000691 -0.000350 0.999999
51.465930 -0.010586 -0.019242 0.986100 0.001413 0.000435 0.000079 0.999999
51.569680 -0.008445 -0.017323 1.055426 0.000021 0.000859 0.001231 0.999999
51.673320 -0.009502 -0.016553 1.105289 -0.001558 0.000777 0.000575 0.999998
51.776930 -0.010288 -0.021374 1.114410 -0.000559 0.000502 0.000820 0.999999
51.880670 -0.009205 -0.022658 1.141828 0.000950 0.000979 0.000899 0.999999
51.984300 -0.008140 -0.018829 1.065766 0.000716 0.000499 0.000749 0.999999
52.088050 -0.008093 -0.016300 0.997643 -0.000477 -0.000055 0.001913 0.999998
52.191670 -0.010121 -0.019672 1.124935 -0.001203 -0.000325 0.001710 0.999998
52.295430 -0.009973 -0.020149 1.085421 -0.000612 -0.000601 0.002439 0.999997
52.399170 -0.010568 -0.018884 1.111552 -0.000777 -0.000623 0.003289 0.999994
52.502930 -0.010428 -0.019497 1.103640 -0.000685 -0.000302 0.003350 0.999994
52.606680 -0.010041 -0.018345 1.085715 -0.000872 -0.000335 0.002762 0.999996
52.710430 -0.011416 -0.017138 1.098787 -0.000075 -0.000351 0.002541 0.999997
52.814180 -0.013305 -0.017817 1.062425 -0.001275 -0.000482 0.000670 0.999999
52.917930 -0.011345 -0.019241 1.147865 -0.000204 -0.000096 0.001739 0.999998
53.021680 -0.011848 -0.019523 1.126527 -0.001494 -0.000483 0.001123 0.999998
53.125430 -0.014242 -0.019573 1.040584 -0.000070 -0.000482 0.000707 1.000000
53.229180 -0.013048 -0.018032 0.997543 -0.000128 -0.000347 0.000939 0.999999
53.332930 -0.011436 -0.015455 1.009078 -0.000128 -0.000372 0.000792 1.000000
53.436550 -0.010253 -0.013360 1.042084 -0.000873 -0.000330 0.000282 1.000000
53.540300 -0.012565 -0.010943 1.065965 -0.002182 -0.000373 -0.000131 0.999998
53.644050 -0.011649 -0.012640 1.047689 -0.002663 0.000212 -0.000564 0.999996
53.747800 -0.012080 -0.014031 0.983640 -0.002827 0.000228 -0.002002 0.999994
53.851550 -0.013496 -0.017511 1.037516 -0.001219 0.000253 -0.002302 0.999997
53.955300 -0.011298 -0.017612 1.004567 -0.000847 0.000161 -0.002201 0.999997
54.059050 -0.010483 -0.016362 0.997826 -0.000102 0.000483 -0.002247 0.999997
54.162800 -0.009994 -0.018790 0.963282 0.000544 0.000813 -0.001668 0.999998
54.266550 -0.008281 -0.018155 0.937303 0.001210 0.000874 -0.000722 0.999999
54.370180 -0.008226 -0.018267 0.920181 0.001301 0.000746 -0.000120 0.999999
54.473930 -0.006670 -0.018433 0.900563 0.000191 0.000427 -0.000070 1.000000
54.577570 -0.008257 -0.014765 0.907415 0.000729 0.001101 -0.000750 0.999999
54.681310 -0.009612 -0.014492 0.789648 0.000574 0.000766 -0.000850 0.999999
54.785060 -0.005966 -0.013140 0.849609 0.000159 0.002640 -0.001838 0.999995
54.888800 -0.005795 -0.012206 0.833847 -0.000243 0.003985 -0.003063 0.999987
54.992680 -0.003531 -0.014825 0.823060 -0.000274 0.004426 -0.001284 0.999989
55.096430 -0.001900 -0.017257 0.856885 0.000442 0.004707 -0.001378 0.999988
55.200180 -0.000262 -0.018707 0.884979 0.002883 0.004946 -0.000933 0.999983
55.304050 -0.003260 -0.017206 0.881957 0.002500 0.004956 -0.000769 0.999984
55.407810 -0.003295 -0.011948 0.844866 0.001141 0.006007 -0.001334 0.999980
55.511680 -0.001637 -0.006388 0.770382 -0.000867 0.006975 -0.000371 0.999975
55.615430 -0.003554 -0.008763 0.808499 -0.003102 0.007313 -0.001328 0.999968
55.719180 -0.002159 -0.008640 0.853635 -0.002531 0.007752 0.000116 0.999967
55.822930 -0.000972 -0.011086 0.857953 -0.001816 0.007822 0.000585 0.999968
55.926680 -0.000106 -0.012778 0.870241 -0.000731 0.007538 0.001024 0.999971
56.030430 0.000780 -0.015666 0.855092 0.000555 0.006753 0.001311 0.999976
56.134050 0.000593 -0.014226 0.791552 0.001887 0.005591 0.001108 0.999982
56.237800 -0.000045 -0.013527 0.862770 0.001825 0.005645 0.001005 0.999982
56.341580 -0.001963 -0.006176 0.912448 -0.000126 0.004120 -0.000003 0.999992
56.445350 -0.005958 -0.003764 0.938842 -0.002928 0.003678 -0.000760 0.999989
56.549070 -0.010789 -0.006705 0.796873 -0.006868 0.003686 0.000141 0.999970
56.652940 -0.008324 -0.007972 0.788041 -0.006597 0.003989 0.000021 0.999970
56.756680 -0.005825 -0.013943 0.848955 -0.006576 0.004845 0.001010 0.999966
56.860440 -0.001219 -0.016659 0.917213 -0.001641 0.005116 0.000998 0.999985
56.964280 -0.001129 -0.016414 0.917490 0.000791 0.005483 -0.000081 0.999985
57.068060 -0.006070 -0.009676 0.852668 0.000942 0.004643 -0.001062 0.999988
57.171890 -0.003401 -0.010422 0.858284 -0.002175 0.005354 0.001091 0.999983
57.275560 -0.003152 -0.010980 0.901052 -0.002758 0.005566 0.001078 0.999980
57.379330 -0.003028 -0.014874 0.887779 -0.002214 0.004023 0.000820 0.999989
57.483060 -0.003620 -0.018670 0.911151 -0.000676 0.003224 0.000588 0.999994
57.586810 -0.003334 -0.021266 0.898706 0.000683 0.003130 -0.000041 0.999995
57.690560 -0.001724 -0.019362 0.901711 0.000583 0.003674 0.000049 0.999993
57.794300 -0.000430 -0.018722 0.891648 -0.000006 0.004503 -0.000106 0.999990
57.898200 -0.000070 -0.019538 0.936400 -0.000400 0.005172 0.000046 0.999987
58.001930 0.000839 -0.015831 0.891636 0.000208 0.005654 0.000897 0.999984
58.105810 0.002435 -0.016317 0.897175 0.000093 0.006664 0.000553 0.999978
58.209680 0.002407 -0.017352 0.943016 0.000008 0.006210 0.001049 0.999980
58.313440 0.003361 -0.018891 0.898795 -0.000094 0.006091 0.000444 0.999981
58.417310 0.003463 -0.019257 0.939897 0.000826 0.006315 0.000963 0.999979
58.521060 0.000577 -0.019778 0.967696 0.002095 0.006826 -0.000958 0.999974
58.624930 -0.002318 -0.013475 0.864727 0.003678 0.006952 -0.000845 0.999969
58.728680 0.001590 -0.010535 0.807246 0.003234 0.008688 -0.000442 0.999957
58.832680 0.006412 -0.008530 0.807056 0.002846 0.010060 -0.001089 0.999945
58.936580 0.008709 -0.010177 0.818782 0.001672 0.011411 -0.000161 0.999933
59.040430 0.009881 -0.009075 0.801825 0.001630 0.012507 -0.000241 0.999920
59.144310 0.007140 -0.011270 0.835011 0.002403 0.011337 0.000267 0.999933
59.248190 0.007074 -0.011196 0.862422 0.002997 0.011385 0.001496 0.999930
59.352060 0.009680 -0.010573 0.832046 0.001848 0.010880 0.002681 0.999936
59.455810 0.008778 -0.011287 0.885310 0.000617 0.009578 0.001618 0.999953
59.559560 0.007095 -0.009938 0.897544 -0.002062 0.009462 0.001498 0.999952
59.663310 0.003466 -0.008500 0.873980 -0.003221 0.007841 0.002071 0.999962
59.766940 0.003595 -0.012908 0.847570 -0.004407 0.006364 0.003463 0.999964
59.870680 0.001897 -0.015145 0.937848 -0.002532 0.004788 0.002796 0.999981
59.974310 -0.001266 -0.014708 0.942335 -0.000438 0.003532 0.000081 0.999994
60.078080 -0.002806 -0.013464 0.941222 -0.000396 0.003761 -0.001699 0.999991
60.181800 -0.002407 -0.015607 0.894479 -0.002510 0.003486 -0.000355 0.999991
60.285560 -0.003048 -0.021404 0.933792 -0.000461 0.005101 -0.000029 0.999987
60.389310 -0.005715 -0.018066 0.849545 0.004911 0.004166 -0.001807 0.999978
60.493060 -0.004718 -0.013820 0.772242 0.007597 0.003271 -0.000497 0.999966
60.596810 -0.005672 -0.013344 1.092877 0.006372 0.002849 0.000358 0.999976
60.700580 -0.013246 -0.007807 0.998857 0.000065 -0.000116 -0.001087 0.999999
60.804180 -0.017870 -0.017167 1.042962 -0.004737 -0.001329 -0.000881 0.999988
60.907960 -0.020924 -0.023575 1.038257 -0.002285 -0.002440 0.000072 0.999994
61.011600 -0.013847 -0.026089 0.972906 0.005521 0.000312 0.001692 0.999983
61.115330 -0.015925 -0.019412 0.942473 0.007256 -0.002973 0.003127 0.999964
61.218940 -0.014552 -0.009950 0.924329 0.007094 -0.003461 0.001825 0.999967
61.322690 -0.021410 -0.004241 0.875086 -0.001337 -0.002302 -0.001875 0.999995
61.426430 -0.020824 -0.010558 0.935748 -0.006400 -0.001612 -0.002142 0.999976
61.530190 -0.016168 -0.013811 0.865451 -0.004211 -0.001174 0.001278 0.999990
61.633820 -0.011742 -0.017791 0.811448 0.001973 -0.000835 0.000751 0.999997
61.737600 -0.012259 -0.014045 0.816412 0.005077 -0.000251 -0.001400 0.999986
61.841310 -0.012774 -0.012795 0.765051 0.003762 -0.000523 -0.000444 0.999993
61.945060 -0.011097 -0.018388 0.799639 0.001169 -0.000199 0.000520 0.999999
62.048840 -0.010317 -0.017810 0.818174 0.002465 0.000776 0.000505 0.999997
62.152610 -0.010405 -0.015535 0.822732 0.003193 0.000664 -0.000488 0.999995
62.256400 -0.010050 -0.014971 0.775639 0.002067 0.000461 -0.000142 0.999998
62.360060 -0.008640 -0.014520 0.769348 0.001652 0.001733 -0.001615 0.999996
62.463960 -0.001553 -0.011582 0.772640 0.001154 0.004878 -0.001266 0.999987
62.567930 0.009068 -0.014239 0.732955 0.000972 0.007621 -0.001289 0.999970
62.671810 0.011733 -0.011862 0.684079 0.001227 0.008921 -0.000806 0.999959
62.775810 0.013791 -0.009867 0.664869 0.001056 0.009240 0.001316 0.999956
62.879830 0.015189 -0.010598 0.628770 -0.000210 0.008936 0.001980 0.999958
62.983690 0.015569 -0.011116 0.604495 0.000771 0.009006 0.001605 0.999958
63.087560 0.014836 -0.010335 0.557130 0.000994 0.008860 0.001189 0.999960
63.191440 0.014868 -0.009615 0.555409 0.000646 0.008940 0.000864 0.999959
63.295440 0.013456 -0.009403 0.558833 0.000184 0.008617 0.000126 0.999963
63.399310 0.016359 -0.011063 0.533185 -0.000292 0.009392 0.000019 0.999956
63.503190 0.019036 -0.013364 0.556521 0.000633 0.009757 0.001706 0.999951
63.607060 0.016355 -0.013576 0.526069 0.002673 0.007394 0.002194 0.999967
63.710810 0.016037 -0.010389 0.438955 0.004821 0.006648 0.002857 0.999962
63.814680 0.013250 -0.008566 0.413336 0.005495 0.006445 0.002270 0.999962
63.918440 0.008316 -0.006108 0.345314 0.004759 0.004629 0.000862 0.999978
64.022190 0.004311 -0.006183 0.314308 0.003273 0.004380 -0.001717 0.999984
64.125960 0.010406 -0.007264 0.301183 0.001725 0.004352 0.000862 0.999989
64.229690 0.009839 -0.007462 0.311249 0.000688 0.003348 0.001623 0.999993
64.333310 0.010819 -0.007353 0.311075 -0.000093 0.002764 0.003357 0.999991
64.437070 0.007998 -0.003667 0.285555 -0.000712 0.002621 0.003172 0.999991
64.540710 0.000513 -0.004341 0.290432 -0.000628 0.001894 0.000014 0.999998
64.644440 -0.004179 -0.004143 0.311989 -0.000316 0.001385 -0.002121 0.999997
64.748080 -0.005489 -0.003509 0.297101 -0.000439 0.000939 -0.002247 0.999997
64.851690 -0.000383 -0.003700 0.203832 -0.000410 0.000711 -0.001086 0.999999
64.955310 0.004436 -0.004211 0.136047 0.000802 0.000749 0.001008 0.999999
65.059060 0.005543 -0.003338 0.122031 0.001135 0.000929 0.001554 0.999998
65.162710 0.002667 -0.003662 0.132854 0.000773 0.000416 0.001658 0.999998
65.266320 -0.001837 -0.003423 0.153845 0.001086 -0.000137 0.000511 0.999999
65.370060 -0.009460 -0.001879 0.195278 0.001051 -0.001734 -0.000587 0.999998
65.473690 -0.007584 -0.000542 0.223147 -0.000179 -0.002236 0.001343 0.999997
65.577440 -0.010828 -0.000159 0.216195 -0.001600 -0.003072 0.002573 0.999991
65.681060 -0.008126 -0.000711 0.195182 -0.001017 -0.002584 0.002741 0.999992
65.784810 -0.009407 -0.003922 0.203494 0.000578 -0.002608 0.001194 0.999996
65.888570 -0.013168 -0.003605 0.200838 0.000704 -0.002954 -0.000754 0.999995
65.992190 -0.014791 -0.003401 0.204544 0.000665 -0.003305 -0.001108 0.999994
66.095940 -0.015658 -0.001938 0.211691 0.000898 -0.003280 -0.000972 0.999994
66.199690 -0.012681 -0.003259 0.207300 0.000233 -0.003016 0.000010 0.999995
66.303310 -0.014372 -0.003105 0.219307 -0.000176 -0.003935 0.000273 0.999992
66.407070 -0.020280 -0.001694 0.205592 -0.000728 -0.005743 -0.002082 0.999981
66.510690 -0.023811 -0.000314 0.254358 -0.000750 -0.006627 -0.003218 0.999973
66.614310 -0.024797 0.000538 0.334256 -0.000678 -0.005626 -0.002007 0.999982
66.718090 -0.020481 -0.001697 0.303968 -0.000406 -0.004796 0.001274 0.999988
66.821690 -0.021144 -0.003121 0.307634 -0.000442 -0.005718 0.002487 0.999980
66.925440 -0.022466 -0.003324 0.282165 -0.000242 -0.006410 0.001650 0.999978
67.029070 -0.024803 -0.003165 0.223728 0.000348 -0.007955 0.001583 0.999967
67.132820 -0.030772 -0.003096 0.289591 0.000724 -0.009409 0.001033 0.999955
67.236440 -0.031754 -0.003666 0.258109 -0.000225 -0.010729 0.000351 0.999942
67.340070 -0.033673 -0.002445 0.230703 0.000089 -0.011763 0.000165 0.999931
67.443690 -0.034299 -0.003581 0.227140 0.000476 -0.012017 -0.000326 0.999928
67.547320 -0.036004 -0.004167 0.226727 0.001191 -0.012490 -0.000177 0.999921
67.651080 -0.041307 -0.002882 0.267805 0.001582 -0.013088 -0.001829 0.999911
67.754690 -0.042799 -0.002154 0.337849 0.001514 -0.013286 -0.000218 0.999911
67.858320 -0.041825 -0.003296 0.369019 0.000075 -0.013995 0.000330 0.999902
67.962080 -0.038327 -0.003442 0.340755 0.000441 -0.013830 0.001613 0.999903
68.065690 -0.040148 -0.004422 0.359733 0.000144 -0.014521 0.002114 0.999892
68.169320 -0.040531 -0.004583 0.421248 -0.000070 -0.014507 0.001142 0.999894
68.273070 -0.042236 -0.005347 0.448634 0.000191 -0.014900 0.000943 0.999889
68.376700 -0.040908 -0.005419 0.429067 -0.000051 -0.014748 0.000092 0.999891
68.480320 -0.041983 -0.005676 0.474880 0.000250 -0.014530 0.001220 0.999894
68.584070 -0.039881 -0.006626 0.458525 0.000087 -0.013411 0.001105 0.999909
68.687820 -0.040566 -0.006297 0.470032 0.000105 -0.013440 0.000320 0.999910
68.791570 -0.037712 -0.007176 0.470425 -0.000005 -0.011753 0.000006 0.999931
68.895320 -0.036145 -0.008949 0.464907 0.000402 -0.011262 -0.000052 0.999936
68.999070 -0.034124 -0.009511 0.430541 0.000473 -0.010796 0.000239 0.999942
69.102840 -0.031997 -0.008820 0.402234 0.000510 -0.010328 0.001236 0.999946
69.206570 -0.033081 -0.008894 0.372047 0.000203 -0.010686 0.001132 0.999942
69.310320 -0.035192 -0.009232 0.415410 0.000995 -0.010886 0.000826 0.999940
69.413950 -0.035702 -0.010213 0.436983 0.000985 -0.010286 0.001285 0.999946
69.517690 -0.036092 -0.009845 0.464199 0.000505 -0.010009 0.000189 0.999950
69.621440 -0.034053 -0.008117 0.520181 0.000663 -0.009181 -0.000611 0.999957
69.725320 -0.033243 -0.006792 0.657010 0.000231 -0.008190 -0.000728 0.999966
69.829070 -0.028715 -0.010159 0.763566 -0.000251 -0.006518 -0.000310 0.999979
69.932840 -0.023617 -0.009196 0.714553 -0.000457 -0.005249 0.000135 0.999986
70.036720 -0.021509 -0.010327 0.698052 -0.000876 -0.004531 0.000292 0.999989
70.140570 -0.017932 -0.010762 0.708089 -0.000479 -0.003286 0.000304 0.999994
70.244320 -0.017124 -0.012809 0.783604 0.000116 -0.002603 0.000073 0.999997
70.348200 -0.016760 -0.012385 0.762178 -0.000036 -0.002052 0.000106 0.999998
70.451940 -0.017248 -0.012353 0.744633 0.000072 -0.002111 -0.000023 0.999998
70.555820 -0.016562 -0.014289 0.748139 0.000457 -0.002262 0.000097 0.999997
70.659570 -0.015776 -0.014730 0.758567 0.000212 -0.002241 0.001239 0.999997
70.763330 -0.015672 -0.015670 0.769849 0.000784 -0.002134 0.000791 0.999997
70.867190 -0.016122 -0.014101 0.729858 0.000820 -0.001861 0.000265 0.999998
70.970820 -0.015931 -0.013617 0.725789 0.000850 -0.001799 -0.000472 0.999998
71.074690 -0.015094 -0.013752 0.757990 0.001078 -0.001752 -0.000327 0.999998
71.178440 -0.012740 -0.013085 0.757348 0.000412 -0.001094 0.001104 0.999999
71.282190 -0.013928 -0.013184 0.804600 0.000333 -0.000565 0.000523 1.000000
71.385950 -0.013887 -0.015253 0.848063 0.000223 -0.000492 0.000975 0.999999
71.489570 -0.015347 -0.015829 0.839329 0.001190 -0.000165 -0.001267 0.999998
71.593330 -0.012798 -0.016030 0.792751 0.001372 0.000319 -0.000341 0.999999
71.697200 -0.014978 -0.008917 0.819363 0.001436 -0.000188 -0.001130 0.999998
71.800950 -0.015002 -0.007403 0.748577 -0.000487 0.000038 -0.001820 0.999998
71.904720 -0.012051 -0.008887 0.801930 -0.001101 0.000140 -0.000022 0.999999
72.008470 -0.012488 -0.012840 0.779466 -0.000793 -0.000166 -0.000135 1.000000
72.112200 -0.011816 -0.014795 0.842015 0.000377 -0.000340 0.000596 1.000000
72.215950 -0.012372 -0.016913 0.898503 0.000394 -0.000315 0.000709 1.000000
72.319700 -0.011913 -0.016616 0.942905 0.000324 -0.000177 0.000453 1.000000
72.423450 -0.012532 -0.016439 0.957416 -0.000150 -0.000066 0.000161 1.000000
72.527200 -0.012371 -0.017920 0.941563 0.000103 -0.000153 0.000110 1.000000
72.630950 -0.012357 -0.017297 0.883648 0.000058 -0.000261 -0.000197 1.000000
72.734700 -0.012732 -0.018441 0.899700 0.000596 -0.000446 -0.000020 1.000000
72.838470 -0.012313 -0.017165 0.861433 0.000895 -0.000590 -0.000119 0.999999
72.942200 -0.012320 -0.017145 0.925577 0.000175 -0.000011 -0.000344 1.000000
73.045950 -0.010140 -0.017513 0.924838 -0.000437 0.000198 0.000401 1.000000
73.149700 -0.011233 -0.017477 0.960177 -0.000176 0.000933 -0.001315 0.999999
73.253450 -0.008211 -0.019674 0.906946 0.000773 0.002006 -0.001001 0.999997
73.357220 -0.005642 -0.020351 0.925984 0.001416 0.003366 -0.001214 0.999993
73.461070 -0.003913 -0.017888 0.899211 0.001122 0.004417 -0.002052 0.999988
73.564950 -0.000139 -0.016372 0.854618 0.001449 0.006142 -0.001950 0.999978
73.668820 0.002684 -0.016200 0.916692 0.001269 0.008214 -0.000840 0.999965
73.772700 0.007070 -0.016508 0.885508 0.000420 0.009450 -0.000134 0.999955
73.876700 0.004260 -0.015019 0.967846 -0.000826 0.009014 -0.000168 0.999959
73.980600 0.006264 -0.015009 0.903327 -0.001449 0.009910 -0.000495 0.999950
74.084450 0.008829 -0.018010 0.856964 0.000184 0.009185 -0.000068 0.999958
74.188450 0.010701 -0.017435 0.820147 0.001210 0.009362 0.000415 0.999955
74.292330 0.012218 -0.016903 0.872800 0.001518 0.011029 0.000221 0.999938
74.396200 0.013272 -0.017662 0.880537 0.000509 0.011391 0.000304 0.999935
74.500110 0.014874 -0.017016 0.862297 -0.001041 0.012243 0.000098 0.999925
74.603820 0.017321 -0.016260 0.780950 -0.000692 0.012496 0.000900 0.999921
74.707830 0.015917 -0.018170 0.807921 0.001241 0.012420 0.000950 0.999922
74.811700 0.019149 -0.016257 0.726645 0.002737 0.013160 0.000214 0.999910
74.915450 0.017412 -0.020960 0.901890 0.001775 0.013670 0.000321 0.999905
75.019330 0.018140 -0.020483 1.023634 0.002161 0.015919 -0.001682 0.999870
75.123330 0.020204 -0.022719 0.962960 0.000652 0.015978 0.000779 0.999872
75.227100 0.016162 -0.021676 1.032100 0.000637 0.016533 -0.002064 0.999861
75.330950 0.016294 -0.022811 1.054199 0.000849 0.015197 0.000436 0.999884
75.434820 0.014423 -0.022949 1.060266 0.002044 0.014304 -0.000282 0.999896
75.538570 0.013327 -0.021136 1.067707 0.001341 0.013238 0.000687 0.999911
75.642200 0.012908 -0.022718 1.084286 0.000711 0.013008 0.001413 0.999914
75.745950 0.008780 -0.018468 1.041222 0.000804 0.012145 0.001158 0.999925
75.849580 0.009783 -0.016865 1.026840 0.001556 0.012418 0.000462 0.999922
75.953320 0.011837 -0.017942 1.074517 0.001724 0.011443 0.001397 0.999932
76.056950 0.012666 -0.017691 1.047231 0.000559 0.011392 0.000831 0.999935
76.160580 0.008727 -0.015971 1.008947 -0.001108 0.009980 0.000999 0.999949
76.264200 0.003289 -0.020461 1.055441 -0.000693 0.007140 0.001716 0.999973
76.367700 -0.000156 -0.023448 1.104638 0.001232 0.004811 0.001326 0.999987
76.471330 -0.002525 -0.022259 1.087070 0.001264 0.002868 0.000518 0.999995
76.574950 -0.007879 -0.022583 1.183866 0.000002 0.001434 -0.000504 0.999999
76.678580 -0.010093 -0.025523 1.218590 -0.000023 0.001127 -0.000476 0.999999
76.782200 -0.008374 -0.025377 1.213391 0.000991 0.001650 -0.000139 0.999998
76.885860 -0.006780 -0.024993 1.177954 0.001746 0.001843 0.000150 0.999997
76.989560 -0.006317 -0.019880 1.162289 0.001198 0.001721 0.000547 0.999998
77.093250 -0.008026 -0.015253 1.169484 -0.000169 0.000879 0.000441 1.000000
77.196950 -0.008428 -0.012540 1.052673 -0.001648 0.000560 0.000160 0.999998
77.300580 -0.009256 -0.017838 1.073405 -0.001738 0.000940 0.000313 0.999998
77.404200 -0.013913 -0.020288 1.155736 0.000924 0.000041 -0.000931 0.999999
77.507830 -0.014994 -0.023436 1.238204 0.002222 -0.000028 -0.000414 0.999997
77.611580 -0.015525 -0.021087 1.174808 0.001970 -0.000428 -0.001390 0.999997
77.715200 -0.014639 -0.018723 1.114901 0.000201 -0.000579 -0.000862 0.999999
77.818950 -0.016197 -0.018573 1.158683 0.000371 -0.000305 -0.001299 0.999999
77.922710 -0.014692 -0.017933 1.129061 0.000329 -0.000221 -0.001010 0.999999
78.026330 -0.010659 -0.016521 1.144454 0.001284 0.000566 -0.000202 0.999999
78.130080 -0.009498 -0.018965 1.185184 -0.001090 0.001437 0.000252 0.999998
78.233830 -0.008782 -0.020478 1.177813 0.000235 0.001236 0.000074 0.999999
78.337450 -0.009024 -0.022666 1.223704 0.000173 0.001108 0.000372 0.999999
78.441200 -0.009474 -0.020790 1.212729 0.000413 0.001172 0.000180 0.999999
78.544830 -0.008916 -0.020855 1.225064 -0.000688 0.001050 0.000699 0.999999
78.648580 -0.008088 -0.018335 1.194104 -0.000152 0.001195 0.001062 0.999999
78.752330 -0.008677 -0.018743 1.170545 -0.000441 0.001379 -0.000004 0.999999
78.855950 -0.007426 -0.022120 1.220944 -0.000617 0.001824 0.000898 0.999998
78.959710 -0.009666 -0.023352 1.241920 -0.000007 0.001050 -0.000285 0.999999
79.063330 -0.009999 -0.024177 1.241433 0.000241 0.000593 -0.000374 1.000000
79.167080 -0.009442 -0.023605 1.268350 -0.000034 0.000993 -0.000186 0.999999
79.270830 -0.010626 -0.024686 1.187665 -0.000066 0.001196 -0.000465 0.999999
79.374460 -0.008649 -0.021086 1.176398 0.000876 0.000978 0.000040 0.999999
79.478210 -0.010994 -0.021628 1.168946 0.000252 0.000866 -0.000193 1.000000
79.581950 -0.011405 -0.021342 1.219440 0.000025 0.000968 -0.000267 0.999999
79.685700 -0.011053 -0.023025 1.272703 -0.000022 0.000766 -0.000525 1.000000
79.789450 -0.010898 -0.022827 1.272768 0.000119 0.000847 -0.000192 1.000000
79.893210 -0.009753 -0.022159 1.275308 0.000016 0.000995 -0.000867 0.999999
79.996970 -0.010087 -0.022572 1.330574 0.000488 0.000760 0.000100 1.000000
80.100580 -0.012447 -0.021411 1.374791 0.000520 0.000571 0.000295 1.000000
80.204330 -0.014227 -0.022100 1.439752 0.000674 0.000521 -0.000097 1.000000
80.307980 -0.014585 -0.023243 1.498847 0.000248 0.000558 -0.000165 1.000000
80.411710 -0.014640 -0.025078 1.502647 0.000069 0.000296 0.000094 1.000000
80.515330 -0.014691 -0.025910 1.386663 -0.000114 0.000230 -0.000277 1.000000
80.619080 -0.013654 -0.027330 1.423558 0.000441 0.000245 -0.000457 1.000000
80.722740 -0.014788 -0.020974 1.368078 -0.000023 0.000362 0.000007 1.000000
80.826440 -0.016050 -0.021740 1.391523 -0.000795 -0.000101 -0.000228 1.000000
80.930080 -0.015072 -0.023046 1.421194 0.000329 0.000067 0.000407 1.000000
81.033840 -0.016206 -0.022969 1.456334 -0.000261 0.000117 -0.000200 1.000000
81.137500 -0.016326 -0.020699 1.450208 -0.000604 0.000332 0.000492 1.000000
81.241210 -0.014073 -0.022625 1.389719 -0.000517 0.000514 0.001969 0.999998
81.344940 -0.014573 -0.027345 1.405198 0.000184 0.000037 0.001277 0.999999
81.448590 -0.014972 -0.028983 1.462532 0.000940 -0.000592 0.000538 0.999999
81.552330 -0.016228 -0.024098 1.326574 0.000841 -0.000072 0.000410 1.000000
81.656060 -0.019778 -0.019866 1.330822 0.000403 -0.000757 0.000877 0.999999
81.759710 -0.014347 -0.027894 1.435009 0.000234 -0.000092 0.002018 0.999998
81.863460 -0.017159 -0.029823 1.466983 0.000545 -0.000493 0.000490 1.000000
81.967080 -0.015110 -0.027079 1.404648 0.001521 -0.000318 0.001317 0.999998
82.070830 -0.015944 -0.026898 1.388845 0.000538 -0.000191 0.001740 0.999998
82.174460 -0.017263 -0.022704 1.393193 0.000063 -0.001106 0.001021 0.999999
82.278210 -0.019167 -0.023654 1.418678 -0.000686 -0.001252 0.000921 0.999999
82.381960 -0.018217 -0.024351 1.454860 -0.000231 -0.000311 0.001001 0.999999
82.485710 -0.017982 -0.024436 1.433418 0.000163 -0.000366 0.000308 1.000000
82.589430 -0.020358 -0.028010 1.499524 0.000025 -0.000674 0.000694 1.000000
82.693080 -0.017816 -0.028249 1.365416 0.000557 -0.000308 -0.000778 0.999999
82.796920 -0.017456 -0.022413 1.361443 0.000408 -0.000410 0.000327 1.000000
82.900600 -0.019857 -0.025236 1.465277 -0.000200 -0.000218 -0.000031 1.000000
83.004230 -0.018774 -0.025544 1.396714 0.000238 -0.000691 0.000280 1.000000
83.107850 -0.015346 -0.024960 1.360699 -0.000372 -0.000076 0.000431 1.000000
83.211580 -0.015873 -0.024379 1.386051 -0.000461 0.000254 0.000520 1.000000
83.315210 -0.016410 -0.023747 1.296394 -0.000711 -0.000261 0.000051 1.000000
83.418960 -0.013310 -0.026828 1.299168 -0.000126 -0.000355 0.002519 0.999997
83.522590 -0.015650 -0.028326 1.328633 0.001053 -0.000610 0.001584 0.999998
83.626210 -0.015692 -0.025266 1.339382 0.001689 -0.000609 0.000121 0.999998
83.729960 -0.018242 -0.023341 1.390430 0.000471 -0.000822 -0.000529 0.999999
83.833580 -0.018036 -0.022635 1.351928 -0.000563 -0.000575 -0.001271 0.999999
83.937350 -0.016687 -0.023799 1.356875 0.000261 -0.000316 0.000442 1.000000
84.040960 -0.018850 -0.022786 1.403466 0.000321 -0.000510 0.000447 1.000000
84.144710 -0.017706 -0.022363 1.325335 0.000435 -0.000657 0.000087 1.000000
84.248350 -0.015268 -0.023138 1.406997 -0.000305 -0.000124 0.001018 0.999999
84.352100 -0.015193 -0.022602 1.376667 -0.000642 -0.000083 0.000146 1.000000
84.455710 -0.013834 -0.024389 1.319570 0.000774 -0.000200 0.001295 0.999999
84.559380 -0.013449 -0.024271 1.443005 0.000536 -0.000236 0.001431 0.999999
84.662980 -0.014390 -0.022742 1.394682 -0.000182 -0.000623 0.001764 0.999998
84.766730 -0.018675 -0.023873 1.445463 -0.000975 -0.000523 0.000977 0.999999
84.870340 -0.018999 -0.027041 1.429557 0.000464 -0.000536 0.000183 1.000000
84.973960 -0.017990 -0.026447 1.369977 0.001725 -0.000437 -0.000825 0.999998
85.077720 -0.017873 -0.023318 1.366540 -0.000565 -0.000800 -0.000661 0.999999
85.181330 -0.018338 -0.022313 1.411391 -0.000656 -0.000657 -0.000868 0.999999
85.285090 -0.017116 -0.019728 1.340685 -0.000780 -0.000403 -0.000316 1.000000
85.388710 -0.016374 -0.022150 1.344909 -0.000829 0.000167 0.000443 1.000000
85.492460 -0.016099 -0.024915 1.373735 -0.000343 0.000069 0.000998 0.999999
85.596110 -0.016524 -0.026274 1.354161 0.000433 -0.000012 0.000322 1.000000
85.699750 -0.016966 -0.026295 1.343034 0.000662 -0.000018 -0.000446 1.000000
85.803450 -0.015906 -0.024886 1.312070 -0.000232 0.000234 -0.001322 0.999999
85.907110 -0.014787 -0.024613 1.353125 -0.000015 0.000271 -0.000474 1.000000
86.010840 -0.013167 -0.022624 1.221696 0.000522 -0.000013 -0.000252 1.000000
86.114460 -0.014898 -0.019382 1.330489 -0.000063 0.000075 -0.000242 1.000000
86.218210 -0.016165 -0.020235 1.358359 -0.001064 0.000217 -0.000857 0.999999
86.321830 -0.015899 -0.022707 1.285331 -0.001284 0.000311 -0.000993 0.999999
86.425590 -0.017535 -0.029434 1.275542 0.001035 0.000138 -0.000539 0.999999
86.529210 -0.016325 -0.028477 1.265018 0.002995 0.000129 0.000303 0.999995
86.632980 -0.015167 -0.024040 1.245038 0.000753 -0.000390 -0.000674 0.999999
86.736730 -0.016719 -0.020805 1.243337 -0.000861 -0.000590 -0.000288 0.999999
86.840340 -0.016225 -0.019773 1.120547 -0.000908 -0.000973 -0.000430 0.999999
86.944090 -0.017439 -0.020687 1.131159 0.000262 -0.001510 -0.001013 0.999998
87.047710 -0.016197 -0.014989 1.094026 0.000006 -0.001256 -0.000952 0.999999
87.151360 -0.018277 -0.016246 1.250976 -0.001078 -0.001305 -0.000356 0.999999
87.254960 -0.019733 -0.015219 1.205182 -0.001780 -0.001172 -0.000336 0.999998
87.358710 -0.020208 -0.015406 1.108947 -0.000817 -0.001436 -0.001132 0.999998
87.462460 -0.014432 -0.017945 1.004754 0.000768 -0.000538 -0.000473 0.999999
87.566210 -0.013341 -0.017835 0.935254 0.001193 -0.000909 -0.000518 0.999999
87.669860 -0.013088 -0.017862 0.936543 0.000563 -0.000792 -0.000239 0.999999
87.773590 -0.013484 -0.015262 0.878826 0.000582 0.000257 -0.001540 0.999999
87.877340 -0.009742 -0.013299 0.864887 0.000493 0.002892 -0.002526 0.999993
87.981210 -0.002456 -0.012218 0.778855 0.000445 0.006353 -0.003397 0.999974
88.085210 0.008665 -0.014042 0.684548 0.000444 0.009281 -0.003921 0.999949
88.189210 0.014788 -0.012100 0.596213 0.000259 0.012210 -0.003871 0.999918
88.293330 0.019217 -0.010451 0.553967 0.000788 0.013496 -0.002500 0.999905
88.397460 0.024275 -0.008878 0.548829 0.001071 0.016658 -0.002391 0.999858
88.501590 0.033408 -0.010062 0.556271 0.000354 0.020700 -0.002003 0.999784
88.605840 0.037843 -0.010977 0.595640 -0.000097 0.023837 -0.002268 0.999713
88.710100 0.039270 -0.012428 0.599253 0.000199 0.025791 -0.001767 0.999666
88.814340 0.040261 -0.011535 0.549384 0.000530 0.025819 -0.000891 0.999666
88.918590 0.044357 -0.009510 0.522556 0.000403 0.027542 -0.000432 0.999620
89.022840 0.045579 -0.013181 0.609815 0.000850 0.027976 0.000228 0.999608
89.127090 0.047219 -0.013613 0.624456 0.001709 0.028450 0.000725 0.999593
89.231340 0.047954 -0.012927 0.633624 0.001854 0.028077 0.001134 0.999603
89.335590 0.050487 -0.010606 0.637488 0.002494 0.029357 0.001770 0.999564
89.439590 0.050293 -0.007164 0.592008 0.001058 0.029470 0.002029 0.999563
89.543710 0.048368 -0.005251 0.517941 0.000093 0.029028 0.002183 0.999576
89.647840 0.045165 -0.006621 0.553220 -0.000245 0.028700 0.001275 0.999587
89.751840 0.040709 -0.004529 0.613041 -0.000265 0.028386 0.000506 0.999597
89.855840 0.039943 -0.005173 0.587533 -0.000876 0.028599 0.000715 0.999590
89.959740 0.036709 -0.007618 0.629203 0.000173 0.027010 0.002150 0.999633
90.063710 0.034054 -0.005786 0.606977 0.000543 0.024379 0.001742 0.999701
90.167590 0.035617 -0.006756 0.616851 0.002676 0.025646 0.000350 0.999667
90.271490 0.042998 -0.010115 0.713251 0.001869 0.028642 -0.000245 0.999588
90.375470 0.043314 -0.007252 0.610448 0.000685 0.028881 0.000138 0.999583
90.479340 0.048030 -0.001819 0.509613 -0.000731 0.030853 0.000027 0.999524
90.583090 0.042828 -0.008513 0.597699 -0.000936 0.030716 0.000095 0.999528
90.686970 0.039529 -0.007150 0.642480 0.000089 0.029745 -0.000009 0.999558
90.790840 0.044861 -0.006268 0.681828 0.000752 0.031053 0.000474 0.999517
90.894590 0.047178 -0.006484 0.595777 0.001868 0.031786 -0.001029 0.999492
90.998490 0.048923 -0.008773 0.556693 0.001353 0.030593 -0.000124 0.999531
91.102090 0.049986 -0.009571 0.546905 0.000855 0.029838 0.000428 0.999554
91.205840 0.048180 -0.013326 0.621190 0.000590 0.028927 0.001624 0.999580
91.309470 0.041597 -0.011415 0.607514 0.000795 0.027060 -0.000790 0.999633
91.412970 0.037756 -0.011157 0.700854 0.000745 0.025967 -0.000381 0.999662
91.516590 0.034220 -0.008964 0.652812 0.000892 0.023687 -0.001098 0.999718
91.620220 0.031480 -0.009193 0.690790 0.001434 0.021124 -0.000085 0.999776
91.723710 0.023080 -0.007851 0.665485 0.000375 0.016659 -0.000808 0.999861
91.827240 0.022763 -0.005451 0.755628 -0.000377 0.016054 0.000843 0.999871
91.930590 0.015075 -0.005795 0.756193 -0.002070 0.013650 -0.000540 0.999905
92.034130 0.004943 -0.004520 0.742863 -0.001756 0.012543 -0.003496 0.999914
92.137720 0.002482 -0.005515 0.776711 -0.000881 0.012013 -0.002725 0.999924
92.241220 0.004181 -0.007218 0.756166 -0.001079 0.011532 -0.001527 0.999932
92.344860 0.003798 -0.006605 0.786044 -0.001179 0.011866 -0.002331 0.999926
92.448600 0.002789 -0.007135 0.824287 -0.001206 0.012160 -0.003913 0.999918
92.552220 0.004857 -0.006691 0.839537 -0.001032 0.012707 -0.002910 0.999914
92.655970 0.006159 -0.006780 0.837002 -0.001876 0.013290 -0.001154 0.999909
92.759720 0.003698 -0.006259 0.753028 -0.001643 0.012418 -0.001647 0.999920
92.863470 0.004860 -0.006412 0.786760 -0.001075 0.013053 -0.000538 0.999914
92.967220 -0.000088 -0.005124 0.833448 -0.000062 0.011025 -0.000881 0.999939
93.070970 0.007075 -0.007493 0.841014 -0.000423 0.013387 0.000415 0.999910
93.174720 0.008920 -0.007006 0.886219 -0.000088 0.014146 0.000317 0.999900
93.278470 0.007939 -0.007165 0.854246 -0.001722 0.013041 -0.000128 0.999913
93.382090 0.012448 -0.009428 0.845125 -0.001384 0.012158 0.001531 0.999924
93.485840 0.009491 -0.009396 0.902341 -0.000427 0.010330 0.001071 0.999946
93.589470 0.005806 -0.008654 0.928289 -0.000767 0.008496 -0.000547 0.999963
93.693120 0.001590 -0.010396 0.931662 -0.000870 0.005603 0.000351 0.999984
93.796720 -0.006081 -0.008207 1.009122 -0.002320 0.002605 -0.000028 0.999994
93.900350 -0.015196 -0.009651 1.062015 -0.002296 -0.000310 -0.000709 0.999997
94.003970 -0.015130 -0.016323 1.018709 -0.001328 -0.000879 -0.001412 0.999998
94.107640 -0.018097 -0.021943 1.087303 0.000707 -0.001778 -0.000446 0.999998
94.211350 -0.020183 -0.021339 1.054677 0.002229 -0.002028 -0.000232 0.999995
94.314990 -0.021259 -0.020039 1.026760 0.002403 -0.002460 0.000737 0.999994
94.418590 -0.023174 -0.019116 1.005133 0.001993 -0.003311 0.000886 0.999992
94.522220 -0.022060 -0.017784 1.025417 0.000391 -0.003161 0.001083 0.999994
94.625970 -0.022169 -0.016457 0.996304 -0.000425 -0.002195 -0.001327 0.999997
94.729720 -0.022749 -0.021278 1.080565 0.000579 -0.001406 -0.001748 0.999997
94.833490 -0.021336 -0.020468 1.074195 0.002313 -0.000461 -0.000710 0.999997
94.937220 -0.017043 -0.016610 1.040390 0.002096 -0.000186 0.000250 0.999998
95.040970 -0.019239 -0.014908 1.028760 0.000095 -0.001041 -0.001274 0.999999
95.144720 -0.019260 -0.016563 1.095806 -0.000246 -0.001015 -0.000587 0.999999
95.248350 -0.020666 -0.017843 1.118751 -0.001002 -0.001006 -0.000871 0.999999
95.352090 -0.021571 -0.015911 1.116758 -0.000992 -0.000954 -0.000478 0.999999
95.455870 -0.023633 -0.018753 1.123000 -0.001667 -0.001649 -0.000871 0.999997
95.559540 -0.021148 -0.018338 1.108881 -0.000430 -0.001874 0.000569 0.999998
95.663110 -0.022000 -0.018504 1.093488 -0.000142 -0.002216 0.000810 0.999997
95.766850 -0.021118 -0.017485 1.065192 -0.000447 -0.002189 0.000713 0.999997
95.870470 -0.021831 -0.018397 1.055231 -0.000827 -0.002142 0.000783 0.999997
95.974250 -0.020805 -0.019177 1.016916 0.000489 -0.002178 0.000318 0.999997
96.077860 -0.018687 -0.018380 1.043276 0.001113 -0.001752 0.000433 0.999998
96.181600 -0.016779 -0.015897 1.051761 0.000359 -0.001147 0.000460 0.999999
96.285350 -0.015321 -0.016402 1.055584 -0.001277 -0.000976 0.000664 0.999998
96.389100 -0.018067 -0.019590 1.026849 -0.000601 -0.001367 0.000734 0.999999
96.492870 -0.016506 -0.020545 1.023959 0.001433 -0.000741 -0.000862 0.999998
96.596600 -0.014863 -0.017010 0.953043 0.001541 -0.000851 -0.000017 0.999998
96.700350 -0.013541 -0.015007 0.997649 -0.001255 -0.000212 -0.000300 0.999999
96.803990 -0.014856 -0.015064 1.036128 -0.001567 -0.000332 0.000274 0.999999
96.907730 -0.016481 -0.018046 1.065565 -0.000182 -0.000737 -0.000103 1.000000
97.011470 -0.015203 -0.017380 1.078470 0.001831 -0.000523 0.000290 0.999998
97.115100 -0.014685 -0.015685 1.014900 0.001047 -0.000816 0.000843 0.999999
97.218890 -0.017267 -0.013656 0.959619 0.000184 -0.000994 -0.000167 0.999999
97.322500 -0.018741 -0.016461 0.978841 0.000540 -0.001452 0.000677 0.999999
97.426220 -0.017713 -0.012374 0.954281 0.001589 -0.000716 -0.000349 0.999998
97.529990 -0.017564 -0.011716 0.953885 -0.000982 -0.000875 0.000655 0.999999
97.633720 -0.018073 -0.011196 0.928425 -0.001126 -0.001314 0.000770 0.999998
97.737470 -0.018559 -0.017016 0.910663 0.000068 -0.001538 -0.000541 0.999999
97.841240 -0.018199 -0.015077 0.885722 0.002116 -0.000835 -0.001541 0.999996
97.945070 -0.016557 -0.012477 0.832161 0.000589 -0.000962 -0.001234 0.999999
98.048750 -0.014957 -0.011136 0.827530 0.000503 -0.000373 -0.000730 1.000000
98.152470 -0.015533 -0.012579 0.832304 -0.000306 -0.000258 -0.000957 0.999999
98.256230 -0.016558 -0.011798 0.777052 0.000725 -0.000518 -0.001861 0.999998
98.359970 -0.015255 -0.009025 0.756522 0.000858 -0.001114 -0.001121 0.999998
98.463720 -0.014559 -0.008958 0.824939 -0.001052 -0.000947 0.000863 0.999999
98.567470 -0.013878 -0.007456 0.746538 -0.001084 -0.000933 0.000452 0.999999
98.671230 -0.016913 -0.009594 0.760940 -0.000984 -0.001075 -0.001600 0.999998
98.774870 -0.015388 -0.012064 0.766670 0.000046 -0.000907 -0.000510 0.999999
98.878600 -0.014256 -0.012528 0.748679 0.000131 -0.000742 0.000349 1.000000
98.982350 -0.014142 -0.013407 0.734127 0.000253 -0.000457 -0.000406 1.000000
99.086100 -0.012505 -0.011613 0.683179 0.001487 -0.000002 0.000232 0.999999
99.189730 -0.010742 -0.010553 0.625831 0.000863 0.000339 0.000713 0.999999
99.293480 -0.010885 -0.010734 0.575092 0.000304 0.000138 0.000191 1.000000
99.397230 -0.011841 -0.009308 0.517814 0.001404 0.000380 -0.000516 0.999999
99.500850 -0.013899 -0.005947 0.523532 0.000846 0.000507 -0.002516 0.999996
99.604600 -0.012304 -0.003385 0.503024 -0.000015 0.000138 -0.001865 0.999998
99.708350 -0.004649 -0.007051 0.506027 -0.000400 0.000004 0.001440 0.999999
99.811980 -0.002759 -0.007596 0.411423 0.000474 0.000391 0.002551 0.999997
99.915730 -0.006740 -0.006908 0.391470 0.000785 0.000558 -0.000212 1.000000
100.019300 -0.009335 -0.005069 0.375721 0.001038 -0.000268 -0.000714 0.999999
100.123100 -0.008076 -0.003189 0.406139 0.000481 0.000228 -0.000522 1.000000
100.226700 -0.004144 -0.004059 0.364333 -0.000070 0.001186 0.000426 0.999999
100.330500 -0.003529 -0.006818 0.310337 0.000117 0.000366 0.000691 1.000000
100.434100 -0.004365 -0.007121 0.293795 0.001456 0.000105 0.000385 0.999999
100.537900 -0.002552 -0.005203 0.280583 0.001591 0.000614 0.000164 0.999999
100.641500 -0.001845 -0.004391 0.273318 0.000754 0.000602 0.000289 0.999999
100.745200 -0.003271 -0.003979 0.279029 0.000401 0.000120 -0.000077 1.000000
100.848900 -0.002319 -0.004093 0.299611 0.000165 0.000319 0.000046 1.000000
100.952600 -0.002630 -0.004638 0.314557 0.000384 0.000549 -0.000134 1.000000
101.056200 -0.003689 -0.005095 0.324830 0.000662 0.000321 -0.000195 1.000000
101.160000 -0.005406 -0.004832 0.312841 0.000839 0.000252 -0.000981 0.999999
101.263600 -0.003277 -0.003847 0.276886 0.000253 0.000503 -0.000629 1.000000
101.367400 -0.001588 -0.004032 0.314333 -0.000079 0.001053 -0.000254 0.999999
101.471000 -0.001876 -0.003823 0.320322 0.000089 0.000892 -0.000031 1.000000
101.574700 -0.002329 -0.004206 0.335636 0.000178 0.000886 0.000051 1.000000
101.678400 -0.002559 -0.004599 0.322770 0.000153 0.001095 -0.000578 0.999999
101.782100 -0.003382 -0.005099 0.306187 0.000243 0.000873 -0.001343 0.999999
101.885900 -0.003486 -0.005111 0.318845 0.000226 0.000980 -0.001307 0.999999
101.989600 -0.001688 -0.004916 0.340960 0.000038 0.001360 -0.000545 0.999999
102.093200 -0.000887 -0.005480 0.324808 -0.000088 0.001372 -0.000496 0.999999
102.197000 -0.000991 -0.006141 0.330931 0.000032 0.001413 -0.000503 0.999999
102.300700 -0.000613 -0.008003 0.346495 0.000342 0.001233 -0.000773 0.999999
102.404500 -0.001190 -0.007245 0.318564 0.000828 0.000961 -0.001221 0.999998
102.508300 0.000091 -0.005524 0.300618 0.000500 0.001255 -0.000648 0.999999
102.611900 0.001857 -0.005492 0.288658 0.000239 0.001456 -0.000070 0.999999
102.715600 0.003181 -0.004269 0.256894 0.000374 0.001469 0.000573 0.999999
102.819400 0.001075 -0.001861 0.249065 0.000062 0.001164 -0.000150 0.999999
102.923000 -0.001606 -0.003198 0.269441 -0.001180 0.001052 -0.002263 0.999996
103.026700 -0.001373 -0.004365 0.289630 -0.001050 0.001294 -0.002407 0.999996
103.130500 -0.000461 -0.007139 0.229582 0.000273 0.001236 -0.001474 0.999998
103.234100 0.000418 -0.005838 0.205803 0.001029 0.000922 -0.000656 0.999999
103.337900 0.002043 -0.004324 0.189224 0.000884 0.001032 0.000113 0.999999
103.441500 0.000864 -0.003701 0.207605 0.000261 0.000944 -0.000537 0.999999
103.545200 0.000734 -0.003632 0.206667 0.000381 0.000683 -0.000501 1.000000
103.649000 -0.000326 -0.004923 0.214136 0.000681 0.000574 -0.000696 0.999999
103.752600 0.001071 -0.006172 0.233609 0.001082 0.000574 -0.000022 0.999999
103.856400 0.000800 -0.004695 0.219454 0.001624 0.000160 0.000922 0.999998
103.960100 -0.000422 -0.003938 0.233320 0.001715 -0.000567 0.001154 0.999998
104.063700 -0.002603 -0.004080 0.256440 0.001213 -0.001220 0.000755 0.999998
104.167400 -0.005903 -0.002505 0.248050 0.001096 -0.002013 0.000569 0.999997
104.271000 -0.008249 -0.002050 0.302796 0.001111 -0.003002 0.000557 0.999995
104.374600 -0.008111 -0.003759 0.313816 0.000274 -0.003438 0.001271 0.999993
104.478200 -0.009793 -0.004985 0.345924 0.000629 -0.003943 0.002007 0.999990
104.582000 -0.016001 -0.001412 0.411848 0.000739 -0.005005 0.000827 0.999987
104.685700 -0.019351 -0.001600 0.408479 -0.000022 -0.005778 -0.000830 0.999983
104.789400 -0.014597 -0.004821 0.409058 0.000173 -0.004607 0.001320 0.999989
104.893000 -0.018033 -0.002172 0.449724 0.000025 -0.004787 0.000484 0.999988
104.996700 -0.019931 -0.001017 0.456146 -0.001010 -0.005313 0.000439 0.999985
105.100500 -0.022454 -0.004939 0.513648 -0.001286 -0.005082 0.000098 0.999986
105.204100 -0.024930 -0.002766 0.491550 0.000994 -0.005774 -0.001323 0.999982
105.307700 -0.023404 0.000694 0.555160 0.000190 -0.006017 -0.000043 0.999982
105.411500 -0.021839 -0.004258 0.606969 -0.002574 -0.005331 0.001264 0.999982
105.515300 -0.019893 -0.005104 0.563958 -0.001540 -0.005121 0.001481 0.999985
105.618900 -0.023204 -0.005237 0.626174 -0.000951 -0.005780 -0.000845 0.999982
105.722600 -0.021348 -0.006742 0.675172 -0.001965 -0.004625 -0.000907 0.999987
105.826500 -0.018811 -0.010424 0.721913 -0.002157 -0.003514 -0.000789 0.999991
105.930200 -0.016084 -0.010874 0.768291 -0.000047 -0.002091 -0.000881 0.999997
106.034100 -0.016080 -0.011917 0.810118 -0.000767 -0.001193 -0.000661 0.999999
106.137900 -0.015640 -0.013755 0.859287 -0.001573 -0.001544 -0.001888 0.999996
106.241700 -0.013682 -0.012793 0.826721 0.000073 -0.000914 -0.000268 1.000000
106.345500 -0.012450 -0.016849 0.864268 -0.000192 -0.000536 -0.000449 1.000000
106.449200 -0.014212 -0.019142 0.875159 0.000269 -0.000977 0.000076 0.999999
106.553000 -0.015059 -0.018898 0.870297 0.003325 -0.000589 -0.002628 0.999991
106.656800 -0.013654 -0.020236 0.900832 0.002901 -0.000304 -0.001546 0.999995
106.760500 -0.010740 -0.014313 0.802476 0.002436 -0.000267 0.000557 0.999997
106.864200 -0.011203 -0.012684 0.848564 -0.000614 -0.000114 0.001490 0.999999
106.968000 -0.010992 -0.013936 0.853197 -0.001301 -0.000176 0.000278 0.999999
107.071800 -0.012420 -0.014406 0.837473 -0.000515 -0.001026 -0.000858 0.999999
107.175500 -0.012979 -0.013341 0.850580 -0.000553 -0.001198 -0.000449 0.999999
107.279100 -0.012916 -0.013514 0.926974 0.000290 -0.001357 -0.000030 0.999999
107.382900 -0.012920 -0.013713 0.921345 -0.000781 -0.001829 0.000837 0.999998
107.486500 -0.015333 -0.016432 0.934932 -0.000413 -0.002110 0.001070 0.999997
107.590200 -0.017594 -0.015573 0.966894 -0.000093 -0.002463 0.000334 0.999997
107.693900 -0.016475 -0.016228 1.008412 -0.000502 -0.002088 0.001048 0.999997
107.797600 -0.015741 -0.018632 1.025657 -0.000874 -0.002270 0.000504 0.999997
107.901200 -0.017630 -0.019311 1.086729 0.000052 -0.001646 -0.001042 0.999998
108.005000 -0.018416 -0.019698 1.056702 0.001063 -0.001047 -0.001674 0.999997
108.108700 -0.014831 -0.020009 1.023457 0.000955 -0.000167 -0.001452 0.999998
108.212500 -0.014276 -0.019560 0.998888 0.001029 0.000412 -0.001965 0.999997
108.316200 -0.011548 -0.019129 0.995976 0.001075 0.000718 -0.001188 0.999998
108.420000 -0.010271 -0.019395 1.003286 0.000490 0.000720 -0.001026 0.999999
108.523700 -0.008256 -0.017343 0.949496 0.000725 0.001253 -0.000694 0.999999
108.627500 -0.007472 -0.017445 0.961745 -0.000602 0.001229 -0.000234 0.999999
108.731200 -0.006813 -0.017902 0.912828 -0.000004 0.001220 -0.000320 0.999999
108.835100 -0.007943 -0.019168 0.957306 -0.000074 0.001340 -0.000677 0.999999
108.938900 -0.010367 -0.017499 0.941216 0.001378 0.001175 -0.001217 0.999998
109.042600 -0.006829 -0.016995 0.984833 0.001297 0.001755 -0.000985 0.999997
109.146400 -0.004827 -0.017209 0.960685 -0.000106 0.001308 -0.000437 0.999999
109.250100 -0.007636 -0.017993 1.015574 0.000233 0.001013 -0.001007 0.999999
109.353900 -0.008468 -0.017286 0.972827 0.000010 0.000960 -0.001397 0.999999
109.457600 -0.008508 -0.018085 0.931063 0.000461 0.001257 -0.001768 0.999998
109.561200 -0.007660 -0.020244 0.932333 0.000687 0.001382 -0.001230 0.999998
109.665000 -0.007682 -0.017969 0.987566 0.001167 0.001230 -0.000725 0.999998
109.768700 -0.010049 -0.017528 0.957380 -0.000001 0.000593 -0.001211 0.999999
109.872400 -0.008928 -0.016302 0.944431 0.000246 0.000081 -0.000713 1.000000
109.976100 -0.009273 -0.017514 0.970626 -0.000788 -0.000286 -0.000516 1.000000
110.079700 -0.010569 -0.019482 1.021805 0.000679 -0.000136 0.000093 1.000000
110.183500 -0.012277 -0.020419 0.987400 0.000719 -0.000600 0.000710 0.999999
110.287200 -0.014205 -0.018170 0.975836 0.000467 -0.001003 0.000503 0.999999
110.390900 -0.013701 -0.018356 0.964934 -0.000213 -0.001289 0.000649 0.999999
110.494600 -0.013310 -0.019424 0.989317 0.000146 -0.000958 0.000450 0.999999
110.598200 -0.013709 -0.021844 0.944107 0.001109 -0.001253 -0.000298 0.999999
110.702000 -0.015468 -0.018858 0.948894 0.001714 -0.001093 -0.000798 0.999998
110.805600 -0.015136 -0.014871 0.948538 0.000340 -0.001332 -0.000559 0.999999
110.909200 -0.015240 -0.013500 0.947073 -0.001037 -0.001728 -0.000387 0.999998
111.012900 -0.013370 -0.015493 0.922229 -0.001694 -0.001592 0.000666 0.999997
111.116600 -0.012029 -0.018115 0.922405 -0.000232 -0.001405 0.000965 0.999999
111.220200 -0.011321 -0.017838 0.865632 0.000457 -0.000887 0.001024 0.999999
111.324000 -0.012925 -0.018982 0.899468 0.000982 -0.000854 0.000131 0.999999
111.427600 -0.011776 -0.019892 0.914554 0.000324 -0.000699 0.001964 0.999998
111.531400 -0.012397 -0.020097 0.905731 0.000481 -0.000909 0.001754 0.999998
111.635000 -0.011342 -0.019005 0.911703 0.001031 -0.000743 0.000885 0.999999
111.738700 -0.015164 -0.016817 0.945609 0.001382 -0.001269 -0.000780 0.999998
111.842400 -0.013159 -0.015240 0.953719 -0.000195 -0.001284 0.000036 0.999999
111.946100 -0.013435 -0.016544 0.993689 -0.002239 -0.001128 0.000620 0.999997
112.049700 -0.012192 -0.018242 0.922186 -0.001878 -0.000624 0.000616 0.999998
112.153500 -0.011636 -0.023874 0.937348 0.000427 0.000092 -0.000318 1.000000
112.257100 -0.009683 -0.022584 0.921932 0.001765 0.000634 -0.000483 0.999998
112.360900 -0.007324 -0.020070 0.943711 0.000860 0.000963 0.000671 0.999999
112.464600 -0.005932 -0.015273 0.932992 0.000733 0.001230 0.001198 0.999998
112.568200 -0.007722 -0.018417 0.977295 -0.000891 0.000793 0.001943 0.999997
112.672000 -0.010229 -0.020021 1.032109 0.000333 0.000652 0.000468 1.000000
112.775600 -0.009275 -0.019046 0.988764 0.000012 0.000714 0.000207 1.000000
112.879400 -0.008403 -0.019284 0.993385 -0.000052 0.000735 0.000799 0.999999
112.983000 -0.010412 -0.020737 0.990803 0.000730 0.000567 -0.000420 0.999999
113.086700 -0.009331 -0.022262 0.922320 0.002482 0.000771 -0.000114 0.999997
113.190500 -0.011723 -0.021184 0.952569 0.004646 0.000494 -0.000192 0.999989
113.294100 -0.013318 -0.017061 0.972835 0.002835 -0.000107 0.000087 0.999996
113.397800 -0.013545 -0.012085 0.965941 0.001154 0.000034 -0.001082 0.999999
113.501500 -0.011170 -0.015992 1.015216 -0.001612 0.000591 0.000800 0.999998
113.605200 -0.009491 -0.016337 0.945299 -0.001488 0.000717 0.002146 0.999996
113.709000 -0.010679 -0.018053 0.924215 0.000343 0.000548 0.000746 1.000000
113.812600 -0.010796 -0.018783 0.922269 0.000728 0.000388 0.001093 0.999999
113.916400 -0.011316 -0.013719 0.887119 0.003464 -0.000519 0.001772 0.999992
114.020100 -0.011738 -0.010318 0.760077 0.001781 -0.000336 0.000305 0.999998
114.123900 -0.011823 -0.009706 0.739324 -0.000183 -0.000389 0.000355 1.000000
114.227600 -0.011566 -0.011019 0.686389 -0.000316 -0.000546 -0.000812 0.999999
114.331400 -0.008799 -0.013999 0.659868 -0.000044 0.000109 0.001075 0.999999
114.435000 -0.009041 -0.013882 0.611557 0.001441 0.000200 0.000551 0.999999
114.538700 -0.013944 -0.009844 0.648320 0.002823 -0.000822 -0.000966 0.999995
114.642500 -0.010230 -0.006598 0.562102 0.001323 -0.000349 -0.000995 0.999999
114.746300 -0.003361 -0.007352 0.546466 -0.000106 0.000365 0.001841 0.999998
114.850000 -0.003766 -0.005842 0.500487 -0.000729 0.000423 0.001120 0.999999
114.953800 -0.005388 -0.006424 0.496774 -0.000801 0.000622 0.001146 0.999999
115.057400 -0.009419 -0.006776 0.466777 0.000497 -0.000123 -0.001863 0.999998
115.161100 -0.004674 -0.007822 0.430850 0.000236 0.000263 0.000081 1.000000
115.264900 -0.005421 -0.008210 0.474947 0.000340 0.000395 0.000422 1.000000
115.368600 -0.004355 -0.008413 0.495176 0.000171 0.000617 0.001506 0.999999
115.472400 -0.004818 -0.008212 0.486410 0.000240 0.000038 0.000991 0.999999
115.576100 -0.005658 -0.008069 0.508608 0.000459 -0.000003 0.001268 0.999999
115.679700 -0.006908 -0.009034 0.511906 0.000307 -0.000233 0.000296 1.000000
115.783500 -0.005508 -0.008183 0.487476 0.000624 -0.000124 0.000358 1.000000
115.887100 -0.006630 -0.007509 0.485225 0.000509 -0.000045 0.000277 1.000000
115.990900 -0.006094 -0.009352 0.440096 0.000591 0.000310 0.000260 1.000000
116.094600 -0.007483 -0.010832 0.446204 0.001277 0.000276 -0.001152 0.999998
116.198300 -0.005590 -0.010545 0.399169 0.001837 0.000136 -0.000511 0.999998
116.302000 -0.003825 -0.008201 0.395102 0.002074 0.000322 0.000609 0.999998
116.405600 -0.004132 -0.007483 0.412886 0.001232 0.000046 0.000949 0.999999
116.509400 -0.007609 -0.007201 0.379200 0.000400 -0.000892 0.000585 0.999999
116.613300 -0.010065 -0.005640 0.369809 0.000549 -0.001031 -0.000768 0.999999
116.716700 -0.008947 -0.006306 0.369732 0.000689 -0.000496 -0.000765 0.999999
116.820500 -0.010087 -0.003430 0.370604 0.000679 -0.001082 -0.001038 0.999999
116.924200 -0.009267 -0.002675 0.360585 0.000399 -0.000815 -0.000762 0.999999
117.028000 -0.006699 -0.003388 0.349308 0.000365 -0.000563 0.000373 1.000000
117.131600 -0.005432 -0.003514 0.318646 0.000249 -0.000092 0.000587 1.000000
117.235400 -0.004781 -0.004683 0.354693 0.000264 0.000063 0.000776 1.000000
117.339100 -0.003843 -0.006325 0.360321 0.000567 0.000494 0.000778 0.999999
117.442900 -0.003785 -0.008305 0.382141 0.001099 0.000959 -0.000081 0.999999
117.546700 -0.004420 -0.006554 0.370176 0.001226 0.001037 -0.000916 0.999998
117.650400 -0.000527 -0.004949 0.319718 0.000607 0.001141 0.000594 0.999999
117.754000 -0.000460 -0.005609 0.302984 0.000287 0.001084 0.000694 0.999999
117.857700 -0.002601 -0.006174 0.290162 0.000457 0.000800 0.000248 1.000000
117.961500 -0.003287 -0.005159 0.249995 0.000583 0.000436 -0.000210 1.000000
118.065100 -0.002822 -0.003609 0.234390 0.000310 0.000230 -0.000046 1.000000
118.168900 -0.001584 -0.004235 0.221212 0.000049 0.000517 0.000371 1.000000
118.272500 -0.002222 -0.004216 0.185083 0.000378 0.000554 0.000021 1.000000
118.376300 -0.003541 -0.003673 0.163982 0.000522 0.000271 -0.000566 1.000000
118.479900 -0.003748 -0.002909 0.157541 0.000540 -0.000033 -0.000539 1.000000
118.583600 -0.002772 -0.002046 0.156222 0.000324 -0.000049 0.000027 1.000000
118.687200 -0.001967 -0.002243 0.135711 0.000158 -0.000094 0.000727 1.000000
118.791000 -0.002051 -0.002519 0.126574 0.000236 -0.000082 0.000694 1.000000
118.894800 -0.002545 -0.002040 0.113432 0.000441 -0.000141 0.000008 1.000000
118.998500 -0.002214 -0.001949 0.128256 0.000437 -0.000095 0.000080 1.000000
119.102100 -0.001729 -0.001700 0.126250 0.000292 -0.000205 0.000298 1.000000
119.205900 -0.001324 -0.001756 0.126139 0.000126 -0.000121 0.000676 1.000000
119.309600 -0.001942 -0.001596 0.115567 0.000206 -0.000186 0.000525 1.000000
119.413200 -0.002501 -0.001349 0.103317 0.000277 -0.000267 0.000378 1.000000
119.517000 -0.002547 -0.001525 0.097004 0.000255 -0.000289 0.000420 1.000000
119.620700 -0.002405 -0.001055 0.077556 0.000218 -0.000293 0.000652 1.000000
119.724400 -0.002332 -0.001264 0.073116 0.000258 -0.000297 0.000677 1.000000
119.828100 -0.002458 -0.000805 0.071471 0.000164 -0.000197 0.000599 1.000000
119.931900 -0.002512 -0.000725 0.070273 0.000194 -0.000115 0.000464 1.000000
120.035500 -0.002267 -0.000592 0.064458 0.000204 -0.000030 0.000518 1.000000
120.139200 -0.002190 -0.000544 0.053134 0.000179 -0.000098 0.000533 1.000000
120.242900 -0.002133 -0.000495 0.052851 0.000131 -0.000068 0.000602 1.000000
120.346600 -0.001934 -0.000344 0.047673 0.000126 -0.000034 0.000666 1.000000
120.450200 -0.001831 -0.000428 0.047306 0.000219 0.000033 0.000655 1.000000
120.554000 -0.001671 -0.000559 0.046664 0.000294 0.000028 0.000620 1.000000
120.657600 -0.001682 -0.000948 0.047844 0.000374 0.000029 0.000592 1.000000
120.761400 -0.001680 -0.000873 0.049344 0.000337 -0.000070 0.000674 1.000000
120.865000 -0.001805 -0.001052 0.062452 0.000233 -0.000083 0.000614 1.000000
120.968600 -0.001953 -0.001094 0.073336 0.000140 -0.000101 0.000611 1.000000
121.072400 -0.002132 -0.001101 0.080454 0.000033 -0.000233 0.000695 1.000000
121.176000 -0.002119 -0.001212 0.092151 0.000022 -0.000314 0.000712 1.000000
121.279700 -0.002135 -0.001104 0.102847 -0.000008 -0.000242 0.000680 1.000000
121.383400 -0.002678 -0.001169 0.099574 0.000031 -0.000343 0.000541 1.000000
121.487100 -0.001837 -0.001080 0.111303 0.000057 -0.000067 0.000633 1.000000
121.590900 -0.001190 -0.001541 0.127757 -0.000035 0.000041 0.000583 1.000000
121.694500 -0.001311 -0.001753 0.129179 -0.000106 -0.000132 0.000538 1.000000
121.798200 -0.001531 -0.001882 0.134181 -0.000056 -0.000077 0.000344 1.000000
121.902000 -0.001925 -0.002079 0.145650 0.000042 -0.000096 0.000130 1.000000
122.005600 -0.002165 -0.002495 0.147067 0.000106 -0.000155 0.000133 1.000000
122.109400 -0.001795 -0.002271 0.139575 0.000103 -0.000295 0.000301 1.000000
122.213100 -0.001363 -0.002883 0.133321 0.000042 -0.000077 0.000490 1.000000
122.316800 -0.001101 -0.003168 0.148542 0.000022 0.000064 0.000501 1.000000
122.420500 -0.001910 -0.002771 0.152974 0.000066 0.000006 0.000255 1.000000
122.524300 -0.001601 -0.002639 0.134489 0.000184 0.000099 0.000114 1.000000
122.628000 -0.001789 -0.002188 0.139057 0.000115 -0.000031 0.000236 1.000000
122.731600 -0.001110 -0.002536 0.141722 0.000076 -0.000105 0.000535 1.000000
122.835200 -0.001307 -0.002673 0.149833 0.000003 0.000047 0.000313 1.000000
122.939000 -0.001974 -0.002968 0.159370 -0.000024 -0.000041 -0.000139 1.000000
123.042600 -0.002814 -0.003982 0.178082 0.000128 -0.000164 -0.000198 1.000000
123.146200 -0.002375 -0.004744 0.181047 0.000372 -0.000170 0.000173 1.000000
123.250000 -0.000831 -0.004866 0.190972 0.000291 0.000235 0.000623 1.000000
123.353600 -0.002029 -0.004355 0.198528 0.000064 -0.000024 0.000281 1.000000
123.457400 -0.001717 -0.004796 0.210029 0.000011 -0.000143 0.000547 1.000000
123.561000 0.000017 -0.005574 0.239537 -0.000189 0.000350 0.001170 0.999999
123.664800 -0.000654 -0.005849 0.218019 -0.000294 0.000179 0.001126 0.999999
123.768500 -0.003366 -0.005634 0.191862 -0.000134 -0.000596 -0.000179 1.000000
123.872100 -0.003979 -0.004400 0.174271 0.000020 -0.000696 -0.000467 1.000000
123.975900 -0.003187 -0.004317 0.173552 -0.000001 -0.000667 -0.000035 1.000000
124.079600 -0.002442 -0.004026 0.166819 -0.000183 -0.000791 0.000313 1.000000
124.183200 -0.002413 -0.003668 0.159610 -0.000211 -0.000681 0.000335 1.000000
124.287000 -0.002655 -0.003877 0.170221 -0.000301 -0.000659 0.000181 1.000000
124.390600 -0.002138 -0.003449 0.139914 -0.000323 -0.000605 0.000201 1.000000
