0.000000 0.000000 0.000000 0.000000 0.000000 0.000000 -0.000000 1.000000
0.103873 0.015206 -0.002553 0.469307 -0.001049 0.011220 -0.000431 0.999936
0.207745 0.018747 -0.003910 0.529593 -0.001749 0.013046 -0.000447 0.999913
0.311874 0.024005 -0.005463 0.646459 -0.002732 0.015737 0.000817 0.999872
0.415872 0.028479 -0.006372 0.736255 -0.003350 0.017867 0.001535 0.999834
0.519999 0.030074 -0.005705 0.716583 -0.003369 0.019233 0.000877 0.999809
0.624120 0.034221 -0.006494 0.751513 -0.002859 0.020865 0.001465 0.999777
0.728245 0.038677 -0.005979 0.825770 -0.003451 0.022862 0.000507 0.999733
0.832496 0.042506 -0.004390 0.802050 -0.004503 0.023701 0.000545 0.999709
0.936622 0.046769 -0.003234 0.805041 -0.005327 0.025654 0.000063 0.999657
1.040770 0.048075 -0.001280 0.743704 -0.004388 0.026701 0.001074 0.999633
1.144873 0.050765 0.001569 0.748094 -0.003417 0.028632 -0.000297 0.999584
1.248998 0.046170 0.003892 0.773964 -0.003829 0.027617 -0.000792 0.999611
1.353147 0.046053 0.000836 0.737091 -0.003319 0.027357 -0.000141 0.999620
1.457124 0.051506 -0.000205 0.710843 -0.002941 0.028867 0.001501 0.999578
1.561124 0.059226 0.002006 0.583071 -0.002307 0.032056 0.002571 0.999480
1.665128 0.059780 0.002328 0.542765 -0.001868 0.031709 0.001752 0.999494
1.768997 0.057330 -0.000207 0.510057 -0.001600 0.030716 0.000938 0.999526
1.872875 0.056222 -0.001804 0.515275 -0.001468 0.031666 0.000243 0.999497
1.976766 0.050425 -0.002281 0.500454 -0.001984 0.029318 -0.000296 0.999568
2.080499 0.047460 -0.001402 0.486942 -0.001689 0.026900 0.000084 0.999637
2.184123 0.042583 -0.001782 0.466708 -0.001752 0.023857 0.000358 0.999714
2.287894 0.038900 -0.002684 0.440806 -0.002153 0.022512 -0.000171 0.999744
2.391499 0.034661 -0.004012 0.443027 -0.001218 0.021453 -0.001323 0.999768
2.495127 0.031502 -0.005699 0.459065 -0.000297 0.019963 -0.000959 0.999800
2.598751 0.027379 -0.007030 0.466935 0.000175 0.017580 -0.001457 0.999844
2.702273 0.023376 -0.007658 0.480293 0.000451 0.015184 -0.000961 0.999884
2.805874 0.019246 -0.008870 0.532560 0.000437 0.013069 -0.001365 0.999914
2.909375 0.015137 -0.010494 0.656702 -0.000169 0.010980 -0.000147 0.999940
3.012876 0.009944 -0.010254 0.665851 -0.000655 0.008138 0.000507 0.999967
3.116499 0.007849 -0.009394 0.706706 -0.001007 0.007124 0.000340 0.999974
3.220123 0.005571 -0.009858 0.791218 -0.001329 0.006684 -0.000551 0.999977
3.323750 0.004676 -0.009186 0.775990 -0.001250 0.006333 -0.000727 0.999979
3.427371 0.003876 -0.009906 0.790677 -0.001138 0.006061 -0.000657 0.999981
3.531001 0.003989 -0.011684 0.846051 -0.001222 0.006256 -0.000540 0.999980
3.634758 0.004657 -0.012725 0.834836 -0.001038 0.006054 -0.000178 0.999981
3.738395 0.005388 -0.011340 0.863798 -0.000604 0.005996 -0.000026 0.999982
3.842137 0.002245 -0.009946 0.886163 -0.001644 0.005529 -0.000923 0.999983
3.945774 0.002016 -0.009001 0.899746 -0.002049 0.005884 -0.001299 0.999980
4.049501 0.002861 -0.011012 0.904664 -0.002160 0.005812 -0.000968 0.999980
4.153250 0.004956 -0.012595 0.864617 -0.001325 0.006269 -0.000258 0.999979
4.257002 0.004792 -0.014951 0.834594 -0.000516 0.005879 0.000168 0.999983
4.360751 0.006156 -0.016164 0.867676 0.000439 0.007005 -0.000204 0.999975
4.464541 0.009473 -0.017059 0.854689 0.000702 0.008116 0.001142 0.999966
4.568398 0.015106 -0.016056 0.804176 0.000990 0.010477 0.000608 0.999944
4.672274 0.017155 -0.014681 0.735292 0.000826 0.012044 -0.000501 0.999927
4.776128 0.021685 -0.014223 0.793037 0.000524 0.014892 -0.000676 0.999889
4.880125 0.023434 -0.015785 0.904086 0.000204 0.015547 -0.000374 0.999879
4.984148 0.024648 -0.015739 0.883625 0.000304 0.015417 0.000027 0.999881
5.088126 0.021671 -0.015930 0.892280 0.000321 0.014522 -0.001083 0.999894
5.192023 0.019817 -0.015875 0.871019 0.001141 0.013601 -0.000458 0.999907
5.295877 0.019869 -0.018025 0.947985 0.002000 0.013708 -0.000493 0.999904
5.399752 0.023025 -0.018817 1.026755 0.002444 0.014409 0.001790 0.999892
5.503628 0.025565 -0.015954 0.938434 0.002622 0.014965 0.003451 0.999879
5.607400 0.022385 -0.013470 0.886386 0.002476 0.014362 0.002967 0.999889
5.711251 0.019630 -0.014524 0.874112 0.002210 0.012720 0.003087 0.999912
5.815003 0.015647 -0.018217 0.855690 0.001809 0.011674 0.002367 0.999927
5.918752 0.013258 -0.021848 0.857562 0.003114 0.010911 0.001915 0.999934
6.022375 0.012807 -0.019636 0.871322 0.004470 0.012368 0.002159 0.999911
6.126131 0.017110 -0.016925 0.921375 0.005464 0.013919 0.001981 0.999886
6.229773 0.017237 -0.016492 0.955490 0.005429 0.013111 0.001707 0.999898
6.333503 0.016819 -0.013162 1.018208 0.004026 0.014282 0.002843 0.999886
6.437129 0.009968 -0.011140 0.978186 0.001214 0.012783 0.002577 0.999914
6.540880 0.009719 -0.007861 0.971280 -0.000726 0.012758 0.001169 0.999918
6.644505 0.008067 -0.008637 0.946198 -0.002393 0.011301 0.000592 0.999933
6.748254 0.006427 -0.011807 0.943321 -0.001989 0.009883 0.002174 0.999947
6.851878 0.001479 -0.014755 0.873776 -0.000119 0.007358 0.000668 0.999973
6.955504 0.000987 -0.015592 0.851733 0.001401 0.006305 0.002181 0.999977
7.059005 -0.002663 -0.017447 0.972674 0.001128 0.005759 0.001009 0.999982
7.162754 -0.003148 -0.013195 0.906429 0.001231 0.005873 -0.001070 0.999981
7.266377 -0.002097 -0.014197 0.905388 -0.000515 0.005344 -0.000042 0.999986
7.370130 -0.001627 -0.016862 0.948865 0.000078 0.004407 0.001356 0.999989
7.473752 -0.002774 -0.020468 0.969841 0.000605 0.002995 0.001421 0.999994
7.577401 -0.009891 -0.018155 0.934697 0.000833 0.000832 0.000509 0.999999
7.681003 -0.015170 -0.014600 0.919712 0.000734 -0.000866 0.000299 0.999999
7.784655 -0.019271 -0.014245 0.893584 -0.000840 -0.002368 0.001256 0.999996
7.888275 -0.026398 -0.013861 0.920348 -0.000328 -0.004244 -0.000474 0.999991
7.991881 -0.028979 -0.012788 0.931959 -0.000575 -0.005048 -0.000842 0.999987
8.095633 -0.028004 -0.014013 0.992742 -0.000035 -0.004557 -0.000924 0.999989
8.199389 -0.025486 -0.013351 1.055239 -0.000248 -0.003566 -0.001266 0.999993
8.303130 -0.021061 -0.013039 1.058661 -0.000576 -0.002124 -0.002036 0.999996
8.407006 -0.017949 -0.015040 1.076050 -0.000657 -0.000608 -0.002089 0.999997
8.510755 -0.015882 -0.015373 1.154956 -0.000915 0.000283 -0.001428 0.999999
8.614628 -0.016210 -0.016820 1.209252 -0.000452 0.000368 -0.001090 0.999999
8.718382 -0.017011 -0.019474 1.295799 -0.000703 -0.000048 -0.000475 1.000000
8.822133 -0.017785 -0.020998 1.414461 -0.000748 -0.000077 -0.000542 1.000000
8.925883 -0.019344 -0.021514 1.396259 -0.000913 -0.000128 -0.000896 0.999999
9.029629 -0.019509 -0.024262 1.439655 -0.000418 -0.000262 -0.000397 1.000000
9.133505 -0.020026 -0.021146 1.351916 -0.000515 -0.000138 -0.001440 0.999999
9.237279 -0.016319 -0.020080 1.240046 -0.000438 -0.000161 -0.000699 1.000000
9.341007 -0.016272 -0.020536 1.233340 0.000051 -0.000870 -0.000801 0.999999
9.444755 -0.016761 -0.019131 1.161023 -0.000646 -0.001224 -0.000882 0.999999
9.548508 -0.017308 -0.019759 1.215222 -0.001344 -0.001481 -0.000051 0.999998
9.652155 -0.017863 -0.019245 1.238842 -0.001084 -0.001437 -0.000414 0.999998
9.755883 -0.018602 -0.020907 1.210197 -0.000153 -0.001138 -0.000737 0.999999
9.859630 -0.017258 -0.021961 1.188328 0.000361 -0.000969 -0.000735 0.999999
9.963509 -0.015978 -0.023527 1.188334 0.000428 -0.000304 -0.001212 0.999999
10.067270 -0.012487 -0.023184 1.119775 0.001070 0.000691 -0.001115 0.999999
10.171130 -0.009007 -0.022001 1.126863 0.001254 0.002108 -0.001098 0.999996
10.275010 -0.007837 -0.019071 1.166298 0.000689 0.002776 -0.000879 0.999996
10.378880 -0.004828 -0.016096 1.165215 -0.001464 0.003451 0.000254 0.999993
10.482760 -0.005380 -0.016491 1.157596 -0.001951 0.003538 -0.000535 0.999992
10.586510 -0.006944 -0.020636 1.147197 -0.000814 0.003195 -0.000804 0.999994
10.690390 -0.004004 -0.022230 1.151059 0.001195 0.003196 0.000760 0.999994
10.794130 -0.005055 -0.020351 1.044580 0.000822 0.002897 0.000093 0.999995
10.898010 -0.006588 -0.018774 0.988470 0.001205 0.002414 -0.000769 0.999996
11.001750 -0.008429 -0.016801 1.020512 0.000661 0.002220 -0.000967 0.999997
11.105390 -0.006816 -0.011274 1.011268 0.000048 0.001929 0.000791 0.999998
11.209130 -0.008039 -0.010611 0.984388 -0.003851 0.000788 0.000631 0.999992
11.312890 -0.009864 -0.013835 0.987762 -0.004094 0.000920 -0.000166 0.999991
11.416630 -0.012645 -0.020340 1.032745 -0.000611 0.000712 -0.000023 1.000000
11.520390 -0.011531 -0.024146 1.030253 0.002905 0.000834 0.000336 0.999995
11.624010 -0.011329 -0.018541 1.027622 0.003320 0.001076 0.000727 0.999994
11.727800 -0.011767 -0.019711 1.044097 0.000894 0.000472 0.001244 0.999999
11.831510 -0.016009 -0.015880 1.016697 0.000281 -0.000583 -0.000422 1.000000
11.935260 -0.019737 -0.014342 1.076468 -0.001178 -0.000959 -0.001590 0.999998
12.038930 -0.018594 -0.013127 1.103382 -0.001584 -0.000154 -0.002382 0.999996
12.142640 -0.019855 -0.016196 1.140924 -0.002756 -0.000173 -0.002284 0.999994
12.246380 -0.021562 -0.019048 1.155749 -0.000555 -0.000883 -0.002697 0.999996
12.350150 -0.018605 -0.019055 1.154597 -0.000533 -0.001233 -0.001373 0.999998
12.453880 -0.014087 -0.021812 1.182539 0.000068 -0.001171 0.000785 0.999999
12.557630 -0.016613 -0.021523 1.097394 0.001025 -0.001525 0.000806 0.999998
12.661390 -0.020424 -0.020488 1.104465 0.001838 -0.003121 0.000106 0.999993
12.765050 -0.022249 -0.019614 1.112011 -0.000049 -0.003935 0.000686 0.999992
12.868760 -0.025747 -0.019013 1.127092 0.000288 -0.004828 0.000320 0.999988
12.972400 -0.036667 -0.015430 1.191899 0.000445 -0.007524 -0.001638 0.999970
13.076170 -0.035916 -0.013689 1.138501 -0.000529 -0.007821 -0.001617 0.999968
13.179930 -0.033735 -0.015602 1.175537 -0.001856 -0.007166 -0.000808 0.999972
13.283680 -0.031777 -0.017841 1.186327 -0.000260 -0.006834 -0.000084 0.999977
13.387430 -0.029157 -0.016762 1.189533 -0.001031 -0.006542 -0.000017 0.999978
13.491130 -0.029216 -0.019286 1.184189 0.000317 -0.006672 -0.000647 0.999977
13.594890 -0.029418 -0.023965 1.213024 0.002132 -0.006508 -0.001238 0.999976
13.698760 -0.027677 -0.019693 1.069387 0.004008 -0.006273 -0.000477 0.999972
13.802490 -0.033262 -0.017410 1.176790 0.002315 -0.007029 -0.001111 0.999972
13.906260 -0.030117 -0.016815 1.191657 -0.001926 -0.006701 -0.000342 0.999976
14.010030 -0.028849 -0.018935 1.316647 -0.002572 -0.005595 -0.001017 0.999981
14.113800 -0.025363 -0.021819 1.267805 0.000259 -0.003961 -0.001197 0.999991
14.217640 -0.021979 -0.024593 1.241443 0.002374 -0.002614 -0.000903 0.999993
14.321530 -0.023396 -0.023871 1.260120 0.003398 -0.002444 -0.000938 0.999991
14.425390 -0.023329 -0.021018 1.255321 0.001644 -0.001957 -0.001532 0.999996
14.529260 -0.021158 -0.021353 1.221132 0.000134 -0.002154 -0.000643 0.999997
14.633120 -0.023554 -0.017032 1.188010 0.000498 -0.003026 -0.000867 0.999995
14.736910 -0.023681 -0.015342 1.220525 -0.002257 -0.003759 -0.001080 0.999990
14.840760 -0.022425 -0.017085 1.189876 -0.002041 -0.003328 -0.001224 0.999992
14.944510 -0.022885 -0.017117 1.165213 -0.001234 -0.004499 -0.001318 0.999988
15.048260 -0.027170 -0.018448 1.230090 0.000384 -0.005062 -0.001961 0.999985
15.152010 -0.025928 -0.018322 1.163980 0.000699 -0.004563 -0.001320 0.999988
15.255760 -0.020095 -0.019216 1.070108 0.002000 -0.003681 0.000685 0.999991
15.359530 -0.020235 -0.018220 1.146034 0.001653 -0.003214 0.000472 0.999993
15.463280 -0.020263 -0.014751 1.060301 -0.000748 -0.003811 -0.000399 0.999992
15.567140 -0.020843 -0.014405 1.004109 -0.002379 -0.004532 -0.000538 0.999987
15.670890 -0.020297 -0.017075 1.013576 -0.001397 -0.003350 -0.000814 0.999993
15.774640 -0.018682 -0.019720 1.029595 0.001863 -0.002645 -0.000330 0.999995
15.878390 -0.018592 -0.017466 1.018294 0.001591 -0.003363 -0.000770 0.999993
15.982160 -0.021684 -0.018800 1.087405 0.000323 -0.003917 -0.000893 0.999992
16.086050 -0.023876 -0.016636 1.044406 -0.000461 -0.004723 0.000317 0.999989
16.189760 -0.023214 -0.016903 1.000904 -0.001095 -0.004797 -0.000010 0.999988
16.293510 -0.022474 -0.016338 1.013409 0.000077 -0.003683 0.000393 0.999993
16.397260 -0.023705 -0.016976 1.052781 -0.000161 -0.003572 0.000392 0.999994
16.501030 -0.023989 -0.015107 1.033422 -0.000123 -0.003973 -0.001478 0.999991
16.604760 -0.017995 -0.014478 0.992408 -0.000419 -0.002413 -0.001106 0.999996
16.708640 -0.016678 -0.015282 1.010445 -0.000334 -0.001502 -0.000273 0.999999
16.812390 -0.018323 -0.014925 0.987999 -0.000145 -0.001917 -0.000143 0.999998
16.916160 -0.018961 -0.016829 1.055121 0.000903 -0.001708 -0.000412 0.999998
17.020010 -0.015410 -0.015035 1.044147 -0.001321 -0.001773 0.001280 0.999997
17.123760 -0.014342 -0.014600 1.062637 -0.001410 -0.002084 0.001850 0.999995
17.227520 -0.018242 -0.017645 1.084639 -0.000939 -0.002276 0.000253 0.999997
17.331410 -0.018765 -0.020214 1.070565 0.000967 -0.001779 -0.001269 0.999997
17.435140 -0.018555 -0.018836 1.045140 0.001106 -0.001310 -0.001183 0.999998
17.539040 -0.015670 -0.018139 0.963412 -0.000012 -0.000981 -0.001050 0.999999
17.642890 -0.017204 -0.014646 1.018556 -0.000136 -0.000619 -0.000832 0.999999
17.746640 -0.015070 -0.012183 0.998984 -0.002065 -0.000592 -0.000653 0.999997
17.850540 -0.014487 -0.015997 1.041758 -0.002593 -0.000577 -0.000463 0.999996
17.954270 -0.013174 -0.019545 1.028359 -0.001044 -0.000528 0.000087 0.999999
18.058140 -0.012704 -0.019002 1.043690 0.001948 0.000195 -0.000356 0.999998
18.161890 -0.013304 -0.016234 1.088361 0.001628 0.000418 -0.000743 0.999998
18.265770 -0.015182 -0.016703 1.098857 -0.000315 -0.000045 -0.001192 0.999999
18.369580 -0.015362 -0.018929 1.169100 -0.000524 0.000262 -0.001258 0.999999
18.473380 -0.012809 -0.022040 1.135703 -0.000223 0.000280 0.000275 1.000000
18.577160 -0.018451 -0.022046 1.124588 0.000828 -0.000337 -0.000992 0.999999
18.680990 -0.017770 -0.021982 1.168338 0.000900 -0.000322 -0.001074 0.999999
18.784860 -0.014212 -0.021447 1.039648 0.000646 0.000053 -0.000872 0.999999
18.888520 -0.012565 -0.020407 1.053674 0.001370 0.000526 0.000245 0.999999
18.992370 -0.014032 -0.019880 1.047099 0.000380 -0.000224 0.000259 1.000000
19.096040 -0.015861 -0.021301 1.090113 0.000225 0.000072 -0.000432 1.000000
19.199890 -0.014877 -0.018944 1.159216 -0.001089 -0.000286 0.000713 0.999999
19.303520 -0.014682 -0.017662 1.196710 -0.001945 -0.000178 0.000954 0.999998
19.407390 -0.015182 -0.019470 1.146491 -0.002783 -0.000666 0.000830 0.999996
19.511150 -0.018999 -0.022659 1.185420 -0.000535 -0.000926 -0.000366 0.999999
19.614770 -0.021452 -0.024514 1.190770 0.002453 -0.002525 -0.000318 0.999994
19.718390 -0.022255 -0.019755 1.080838 0.001371 -0.003188 -0.000044 0.999994
19.822140 -0.024843 -0.017277 1.085895 0.000276 -0.004371 0.000371 0.999990
19.925670 -0.025470 -0.017990 1.114083 -0.002774 -0.004672 0.000726 0.999985
20.029410 -0.025897 -0.018885 1.064181 -0.000859 -0.005212 0.000030 0.999986
20.132890 -0.026028 -0.020868 1.069847 0.001064 -0.005541 -0.000320 0.999984
20.236640 -0.027318 -0.020343 1.101165 0.000382 -0.006145 -0.000308 0.999981
20.340390 -0.025564 -0.020942 1.056173 0.000059 -0.005634 -0.000131 0.999984
20.444020 -0.026201 -0.021150 1.052449 0.000389 -0.005999 -0.000149 0.999982
20.547770 -0.026327 -0.022930 0.962316 0.002396 -0.006667 -0.000129 0.999975
20.651520 -0.025883 -0.021096 0.955586 0.003834 -0.006353 -0.000441 0.999972
20.755270 -0.024902 -0.018026 1.020698 0.003513 -0.005644 0.000189 0.999978
20.859140 -0.026381 -0.015479 1.029661 -0.000086 -0.006324 -0.000393 0.999980
20.962890 -0.023511 -0.014773 1.024038 -0.002634 -0.005046 -0.001271 0.999983
21.066770 -0.021153 -0.017337 0.986530 -0.001594 -0.004128 -0.001378 0.999989
21.170640 -0.020150 -0.020805 0.944556 0.002157 -0.003673 -0.000798 0.999991
21.274520 -0.018249 -0.017372 0.918817 0.003567 -0.001784 -0.000229 0.999992
21.378530 -0.014824 -0.012758 0.824075 0.000810 -0.000653 -0.000794 0.999999
21.482520 -0.009980 -0.012916 0.852433 -0.003140 -0.000182 -0.001262 0.999994
21.586400 -0.008079 -0.013294 0.834419 -0.002727 0.000744 -0.001110 0.999995
21.690420 -0.008345 -0.015858 0.914883 -0.002042 0.001343 -0.001914 0.999995
21.794280 -0.008016 -0.018341 0.977431 -0.000485 0.001508 -0.001021 0.999998
21.898270 -0.010355 -0.018207 1.051255 -0.000643 0.001604 -0.001568 0.999997
22.002150 -0.009392 -0.018888 1.043949 -0.001281 0.001949 -0.001339 0.999996
22.106150 -0.007664 -0.017986 1.038302 -0.000321 0.002374 -0.001065 0.999997
22.210070 -0.006101 -0.015137 1.011171 -0.001562 0.002438 -0.000140 0.999996
22.313900 -0.005809 -0.015597 1.013516 -0.001900 0.002190 0.000109 0.999996
22.417770 -0.008753 -0.019222 1.083553 -0.000273 0.002167 -0.000284 0.999998
22.521520 -0.008936 -0.019145 1.031769 0.000505 0.002019 -0.000345 0.999998
22.625400 -0.009094 -0.019712 1.023120 0.001087 0.001714 -0.000392 0.999998
22.729170 -0.007778 -0.018703 1.042656 0.000564 0.001005 0.000499 0.999999
22.832900 -0.009109 -0.014838 0.941282 0.000324 0.000350 0.001319 0.999999
22.936520 -0.011266 -0.011605 0.906357 -0.001306 -0.000953 0.001456 0.999998
23.040140 -0.017230 -0.010846 0.868565 -0.002234 -0.002757 0.001162 0.999993
23.143770 -0.019695 -0.010480 0.812504 -0.000369 -0.004328 0.000253 0.999991
23.247420 -0.022169 -0.010337 0.849190 0.000032 -0.006086 0.001436 0.999980
23.351020 -0.026408 -0.006913 0.846881 -0.000160 -0.007587 0.001484 0.999970
23.454650 -0.029255 -0.002935 0.795839 -0.001379 -0.008332 0.000748 0.999964
23.558270 -0.029762 -0.002157 0.790709 -0.002191 -0.008604 -0.000662 0.999960
23.662020 -0.028076 -0.003360 0.730073 -0.002993 -0.008055 -0.000868 0.999963
23.765650 -0.031540 -0.002228 0.798882 -0.003271 -0.008699 0.000226 0.999957
23.869400 -0.032062 -0.002893 0.793572 -0.003231 -0.008338 0.000336 0.999960
23.973020 -0.031743 -0.006402 0.844548 -0.002597 -0.008782 0.001020 0.999958
24.076780 -0.033299 -0.007162 0.821558 -0.001634 -0.009896 0.001241 0.999949
24.180540 -0.033897 -0.006895 0.834187 -0.001211 -0.010164 0.001468 0.999947
24.284160 -0.033755 -0.006824 0.768156 -0.000891 -0.010162 0.000210 0.999948
24.387900 -0.035199 -0.005404 0.789301 -0.001463 -0.009737 -0.000542 0.999951
24.491650 -0.028780 -0.006739 0.814225 -0.002554 -0.007887 0.000386 0.999966
24.595400 -0.025737 -0.009281 0.820116 -0.002085 -0.006201 0.000871 0.999978
24.699270 -0.022553 -0.015137 0.896906 -0.000902 -0.004859 0.000805 0.999987
24.803110 -0.026125 -0.016406 0.930627 0.001101 -0.005327 -0.000344 0.999985
24.906780 -0.025024 -0.019259 0.916949 0.002737 -0.004878 -0.000178 0.999984
25.010540 -0.021620 -0.014993 0.884304 0.004414 -0.004155 0.001002 0.999981
25.114270 -0.016304 -0.008217 0.770812 0.004063 -0.003903 0.004355 0.999975
25.218040 -0.014480 -0.004937 0.791361 -0.000684 -0.002452 0.001120 0.999996
25.321770 -0.013070 -0.003029 0.826612 -0.004063 -0.002187 -0.000046 0.999989
25.425520 -0.010409 -0.006219 0.855279 -0.006167 -0.001108 -0.000568 0.999980
25.529390 -0.006476 -0.009955 0.832629 -0.004025 0.000180 0.000699 0.999992
25.633210 -0.007248 -0.013203 0.762005 -0.000064 -0.000136 0.001640 0.999999
25.737020 -0.009861 -0.011978 0.804959 0.001090 -0.000219 0.000919 0.999999
25.840800 -0.011285 -0.010210 0.826704 0.000123 -0.000394 0.000880 1.000000
25.944520 -0.013428 -0.008142 0.837849 -0.001241 -0.000796 -0.000592 0.999999
26.048150 -0.013030 -0.007350 0.829919 -0.001712 -0.000838 -0.000462 0.999998
26.151900 -0.012532 -0.007435 0.765980 -0.002220 -0.001236 0.000231 0.999997
26.255540 -0.016529 -0.009610 0.831794 -0.001491 -0.002094 0.000399 0.999997
26.359150 -0.017841 -0.008108 0.806340 -0.000945 -0.003581 0.000873 0.999993
26.462800 -0.020685 -0.007681 0.737647 -0.001292 -0.004905 0.000376 0.999987
26.566610 -0.024760 -0.010398 0.753109 -0.000427 -0.006418 0.001032 0.999979
26.670290 -0.026190 -0.011435 0.766221 0.000737 -0.006581 0.000264 0.999978
26.773900 -0.027071 -0.010249 0.761999 0.001400 -0.007072 0.000448 0.999974
26.877670 -0.026841 -0.008799 0.751079 0.000905 -0.006748 0.000497 0.999977
26.981280 -0.026573 -0.009200 0.796576 -0.000085 -0.006964 0.001595 0.999974
27.085020 -0.025262 -0.009486 0.805747 -0.001657 -0.007189 0.000756 0.999972
27.188790 -0.025787 -0.008824 0.811710 -0.001088 -0.006491 0.000426 0.999978
27.292530 -0.024351 -0.008807 0.850769 -0.000882 -0.005967 0.000009 0.999982
27.396270 -0.022207 -0.011482 0.884080 -0.001718 -0.004857 -0.000070 0.999987
27.500020 -0.019852 -0.012668 0.890365 -0.000425 -0.002980 -0.000068 0.999995
27.603900 -0.014358 -0.013517 0.927129 -0.001735 -0.001422 0.001432 0.999996
27.707780 -0.009766 -0.017731 0.948911 -0.001662 -0.000684 0.002166 0.999996
27.811650 -0.007932 -0.019269 0.921283 0.001227 0.000561 0.001993 0.999997
27.915520 -0.006935 -0.018784 0.920715 0.000384 0.001151 0.001248 0.999998
28.019400 -0.007123 -0.017001 0.991196 0.001180 0.000657 0.001626 0.999998
28.123280 -0.006097 -0.014135 1.019899 -0.000761 0.000938 0.002461 0.999996
28.227150 -0.005700 -0.014067 1.040797 -0.003063 0.001541 0.002568 0.999991
28.330900 -0.008183 -0.015325 1.030345 -0.001857 0.001312 0.001410 0.999996
28.434770 -0.010073 -0.015245 0.972376 -0.001419 0.001005 0.000137 0.999998
28.538650 -0.010365 -0.016501 0.957241 -0.000425 0.000970 -0.000223 0.999999
28.642420 -0.011054 -0.018012 0.971572 -0.000441 0.001432 -0.001253 0.999998
28.746150 -0.010432 -0.021127 1.017979 0.000231 0.001226 -0.000658 0.999999
28.849900 -0.011758 -0.022832 1.058329 0.001425 0.000908 -0.000907 0.999998
28.953800 -0.012068 -0.019571 1.005471 0.002857 0.000920 -0.000183 0.999995
29.057520 -0.012806 -0.015250 0.994457 0.001035 0.000763 -0.000168 0.999999
29.161270 -0.012970 -0.016182 0.980469 -0.001559 0.000245 -0.000478 0.999999
29.264900 -0.012856 -0.017076 1.047335 -0.002198 0.000246 -0.000009 0.999998
29.368650 -0.012431 -0.017942 1.066853 -0.000424 0.001237 -0.000571 0.999999
29.472530 -0.008462 -0.015037 1.012383 -0.000814 0.002374 -0.000991 0.999996
29.576300 -0.004902 -0.015966 0.998149 -0.001097 0.003593 -0.000274 0.999993
29.680170 -0.003479 -0.019614 1.088396 -0.000583 0.004672 0.001340 0.999988
29.783900 -0.000926 -0.015273 0.971940 0.000666 0.006208 0.001026 0.999980
29.887780 0.000416 -0.010965 0.897339 0.001484 0.006727 -0.000368 0.999976
29.991660 0.003549 -0.004985 0.837799 -0.000328 0.007266 -0.000624 0.999973
30.095530 0.007221 -0.007474 0.803478 -0.003308 0.006556 0.002439 0.999970
30.199280 0.004915 -0.010658 0.865092 -0.003795 0.006012 0.002753 0.999971
30.303050 -0.000038 -0.010223 0.861916 -0.002930 0.004385 0.001425 0.999985
30.406780 -0.007585 -0.013031 0.953019 -0.001357 0.002578 -0.001612 0.999994
30.510400 -0.006963 -0.015131 0.950650 -0.000878 0.001804 0.000518 0.999998
30.614030 -0.009606 -0.015844 0.965099 -0.000567 0.001235 -0.000047 0.999999
30.717780 -0.012585 -0.015028 0.958627 0.001123 0.000778 -0.000276 0.999999
30.821410 -0.014996 -0.015803 1.021338 0.000781 0.000253 -0.000843 0.999999
30.925160 -0.015424 -0.014341 1.010698 -0.000490 -0.000141 0.000533 1.000000
31.028780 -0.015028 -0.015382 1.007456 -0.000890 -0.000288 0.000546 0.999999
31.132530 -0.013161 -0.015899 1.004612 -0.000748 -0.000067 0.000734 0.999999
31.236300 -0.013173 -0.015814 0.991872 0.000160 -0.000284 0.001471 0.999999
31.340050 -0.013837 -0.013121 0.919581 -0.000362 -0.001003 0.001728 0.999998
31.443650 -0.016145 -0.011348 0.988207 -0.000711 -0.001435 0.001119 0.999998
31.547410 -0.014035 -0.013530 0.982892 -0.002035 -0.001301 0.001481 0.999996
31.651030 -0.017326 -0.018421 1.095259 -0.002320 -0.001333 0.000903 0.999996
31.754790 -0.018590 -0.020816 1.067445 -0.000543 -0.001456 0.000076 0.999999
31.858530 -0.019058 -0.021139 1.042953 0.001894 -0.001568 -0.000731 0.999997
31.962280 -0.020598 -0.019806 1.066061 0.002582 -0.001949 -0.000491 0.999995
32.066030 -0.020896 -0.017897 1.073100 0.000987 -0.002472 -0.000485 0.999996
32.169650 -0.019833 -0.019432 1.060546 -0.000643 -0.002146 -0.000345 0.999997
32.273410 -0.019231 -0.020110 1.018618 0.001002 -0.001995 -0.000344 0.999997
32.377150 -0.017682 -0.018015 0.959760 0.001449 -0.002317 0.000818 0.999996
32.480910 -0.017194 -0.017913 0.985037 0.000209 -0.002135 0.001391 0.999997
32.584530 -0.016174 -0.019001 1.001383 -0.000684 -0.001948 0.001251 0.999997
32.688280 -0.015194 -0.019762 1.004541 0.000438 -0.002076 0.001502 0.999997
32.791900 -0.016971 -0.020570 1.031711 0.000419 -0.002219 0.000783 0.999997
32.895660 -0.019979 -0.017690 1.065385 0.000861 -0.002555 0.000180 0.999996
32.999410 -0.020954 -0.015425 0.979944 -0.001922 -0.002547 -0.000981 0.999994
33.103170 -0.017620 -0.021709 0.999726 -0.001201 -0.002315 -0.000575 0.999996
33.206780 -0.016417 -0.022484 0.959263 0.001077 -0.002119 -0.000216 0.999997
33.310530 -0.019744 -0.020365 0.972406 0.003416 -0.002303 -0.000416 0.999991
33.414280 -0.019842 -0.013413 0.969416 0.002147 -0.002623 0.000228 0.999994
33.518170 -0.015184 -0.009234 1.033131 -0.002477 -0.001562 -0.000490 0.999996
33.621780 -0.009649 -0.006785 0.940187 -0.005319 -0.000973 0.000775 0.999985
33.725530 -0.012126 -0.006843 0.958028 -0.005612 -0.000370 0.000370 0.999984
33.829280 -0.014470 -0.011841 1.016080 -0.004381 -0.000443 -0.000734 0.999990
33.933050 -0.015727 -0.018879 0.958974 -0.001056 -0.001513 -0.000284 0.999998
34.036660 -0.015905 -0.021398 0.958909 0.002052 -0.001897 0.000149 0.999996
34.140410 -0.016791 -0.020038 0.912675 0.002983 -0.002301 0.000604 0.999993
34.244030 -0.017850 -0.017120 0.906557 0.001918 -0.002237 0.000220 0.999996
34.347780 -0.016961 -0.016181 0.927987 0.001098 -0.002288 0.000320 0.999997
34.451530 -0.017309 -0.015036 1.029342 0.000976 -0.002252 0.001655 0.999996
34.555160 -0.017212 -0.015040 1.156885 -0.000960 -0.001937 0.001268 0.999997
34.658910 -0.016464 -0.013088 1.117173 -0.002424 -0.001450 0.000751 0.999996
34.762530 -0.015686 -0.014016 1.141663 -0.002514 -0.000855 0.000542 0.999996
34.866280 -0.015769 -0.012192 1.064089 -0.002528 -0.000667 -0.000516 0.999996
34.970030 -0.013976 -0.011206 1.056142 -0.002160 -0.000432 -0.000164 0.999998
35.073910 -0.013047 -0.012891 0.973952 -0.002745 -0.000330 -0.000239 0.999996
35.177560 -0.012873 -0.017776 0.860858 -0.000748 -0.001129 -0.000662 0.999999
35.281280 -0.017913 -0.022487 0.963830 0.003879 -0.001892 -0.002384 0.999988
35.385050 -0.014918 -0.020875 0.952605 0.007864 -0.001280 0.000871 0.999968
35.488660 -0.012520 -0.013748 1.008030 0.005041 -0.000066 0.001896 0.999985
35.592410 -0.012316 -0.012430 0.999653 -0.001389 -0.000008 0.000168 0.999999
35.696160 -0.013998 -0.016107 1.055038 -0.003182 -0.000188 -0.000065 0.999995
35.799780 -0.015436 -0.018033 1.035648 -0.000554 -0.000602 0.000662 0.999999
35.903530 -0.012127 -0.018029 1.019620 0.000641 -0.000470 0.001530 0.999999
36.007180 -0.011262 -0.013981 0.977154 -0.000020 -0.000266 0.002075 0.999998
36.110910 -0.013367 -0.012510 0.940997 -0.002247 -0.000275 -0.000057 0.999997
36.214530 -0.012899 -0.014182 0.931545 -0.001581 -0.000438 -0.000121 0.999999
36.318290 -0.013146 -0.015691 0.907341 0.000156 -0.000284 -0.000491 1.000000
36.422040 -0.013442 -0.016604 0.903246 0.001906 -0.000847 0.001062 0.999997
36.525780 -0.012554 -0.014519 0.926344 0.000655 -0.001071 0.001238 0.999998
36.629530 -0.011813 -0.014367 0.924613 -0.000963 -0.001289 0.001768 0.999997
36.733280 -0.015900 -0.015574 0.979921 -0.001158 -0.001899 0.000496 0.999997
36.837040 -0.018088 -0.018407 1.023949 -0.000450 -0.001967 0.000336 0.999998
36.940790 -0.018037 -0.018112 1.017298 0.000683 -0.001796 0.001228 0.999997
37.044540 -0.018602 -0.018964 0.949709 0.001029 -0.002005 -0.000577 0.999997
37.148290 -0.019421 -0.016798 0.894426 0.001181 -0.002124 -0.001160 0.999996
37.252040 -0.017136 -0.014957 0.793273 0.001975 -0.002732 0.001260 0.999994
37.355660 -0.018074 -0.013224 0.776631 0.001307 -0.004050 0.002033 0.999989
37.459410 -0.017985 -0.012372 0.792371 0.000787 -0.004305 0.002455 0.999987
37.563030 -0.019851 -0.012915 0.801524 0.000422 -0.005312 0.002953 0.999981
37.666660 -0.025243 -0.011315 0.836984 0.000736 -0.006794 0.001804 0.999975
37.770280 -0.026806 -0.008792 0.837686 -0.000746 -0.007103 0.000634 0.999974
37.874040 -0.028294 -0.010054 0.887124 -0.001657 -0.007447 0.000514 0.999971
37.977790 -0.026699 -0.010799 0.886297 -0.001649 -0.007130 0.000191 0.999973
38.081530 -0.026756 -0.014619 0.946900 -0.000203 -0.006734 -0.000808 0.999977
38.185280 -0.026735 -0.018486 0.999277 0.000939 -0.005853 -0.001381 0.999981
38.289160 -0.019547 -0.021503 1.003883 0.000931 -0.002894 0.000276 0.999995
38.393160 -0.012595 -0.022808 0.975708 0.000400 0.000290 -0.000098 1.000000
38.497160 -0.008649 -0.022797 1.007439 0.001163 0.002733 -0.000757 0.999995
38.601160 -0.005743 -0.019833 0.935575 0.002072 0.005013 -0.000813 0.999985
38.705160 -0.000643 -0.017054 0.983370 0.001894 0.006824 0.000356 0.999975
38.809290 0.004075 -0.014448 0.973640 0.000348 0.007642 0.001681 0.999969
38.913290 0.002234 -0.015678 0.963227 -0.001745 0.006085 0.001076 0.999979
39.017160 -0.001471 -0.014976 1.015834 -0.000501 0.006302 -0.000066 0.999980
39.121160 0.002126 -0.017633 0.965230 -0.000783 0.005666 0.001352 0.999983
39.225040 -0.001003 -0.018088 1.006517 0.001017 0.005325 0.001048 0.999985
39.328910 0.000436 -0.017778 1.063106 0.000548 0.005582 0.001114 0.999984
39.432660 -0.002096 -0.016401 1.013898 0.001055 0.004483 0.000478 0.999989
39.536410 -0.004137 -0.015712 1.044494 -0.001058 0.003513 0.000772 0.999993
39.640160 -0.007475 -0.016151 1.124506 -0.002530 0.002529 0.000381 0.999994
39.743820 -0.004927 -0.016976 1.112499 -0.003155 0.002701 0.000574 0.999991
39.847560 -0.006417 -0.020854 1.028901 -0.002139 0.001702 0.000694 0.999996
39.951290 -0.008525 -0.024088 1.014686 0.001020 0.001322 -0.000923 0.999998
40.055040 -0.009257 -0.022098 0.881120 0.003768 0.000579 -0.001252 0.999992
40.158660 -0.012747 -0.019643 0.954029 0.006434 0.000910 -0.001037 0.999978
40.262420 -0.012507 -0.013828 0.912665 0.003971 0.000176 0.000545 0.999992
40.366160 -0.009352 -0.013075 0.925224 -0.000374 0.000888 0.000363 0.999999
40.469910 -0.009176 -0.013169 0.927833 -0.001660 0.000612 -0.000034 0.999998
40.573540 -0.010125 -0.013186 0.906400 -0.000967 0.000139 0.000483 0.999999
40.677280 -0.011023 -0.012884 0.916435 -0.000690 -0.000179 0.001480 0.999999
40.781040 -0.013956 -0.014220 0.882530 -0.001578 -0.000995 0.000503 0.999998
40.884790 -0.014754 -0.012957 0.885801 -0.000096 -0.001459 0.000844 0.999999
40.988410 -0.017049 -0.013329 0.905188 -0.000082 -0.002224 0.000193 0.999998
41.092170 -0.016872 -0.012756 0.919219 -0.000138 -0.001976 0.000046 0.999998
41.195790 -0.017814 -0.016099 0.918463 -0.000293 -0.001875 -0.000505 0.999998
41.299420 -0.018365 -0.017700 0.918603 0.001230 -0.002246 0.000611 0.999997
41.403160 -0.016760 -0.016446 0.837677 0.001549 -0.002334 0.001692 0.999995
41.506790 -0.018710 -0.015821 0.842398 0.001899 -0.003170 0.000865 0.999993
41.610540 -0.021093 -0.013292 0.871195 0.001248 -0.003974 0.000513 0.999991
41.714170 -0.023156 -0.009554 0.873283 -0.000585 -0.005001 -0.000446 0.999987
41.817920 -0.022070 -0.010322 0.862544 -0.003041 -0.005185 -0.000332 0.999982
41.921540 -0.023844 -0.010030 0.894923 -0.003202 -0.005632 -0.000972 0.999979
42.025300 -0.023620 -0.012096 0.987100 -0.003373 -0.004871 -0.000668 0.999982
42.128920 -0.026368 -0.015380 0.988575 -0.001725 -0.004731 -0.001286 0.999986
42.232670 -0.025759 -0.021547 1.115741 0.002129 -0.004054 0.000120 0.999990
42.336290 -0.025358 -0.022181 1.137000 0.003426 -0.004089 -0.000199 0.999986
42.440040 -0.024489 -0.021274 1.073812 0.004456 -0.004013 -0.001054 0.999981
42.543790 -0.020827 -0.019053 1.014522 0.003357 -0.003837 0.000892 0.999987
42.647420 -0.020280 -0.015495 1.004834 0.002635 -0.003422 0.000918 0.999990
42.751180 -0.017818 -0.011800 0.916558 -0.000253 -0.004230 0.003137 0.999986
42.854790 -0.021481 -0.009809 0.889890 -0.002375 -0.005327 0.002342 0.999980
42.958540 -0.021855 -0.010415 0.907602 -0.003623 -0.004870 0.002031 0.999980
43.062290 -0.021328 -0.012008 0.958367 -0.002153 -0.004082 0.001073 0.999989
43.166060 -0.024373 -0.014350 1.009966 -0.001162 -0.004454 0.000425 0.999989
43.269790 -0.025028 -0.013845 1.049996 -0.000324 -0.004371 -0.000547 0.999990
43.373560 -0.023335 -0.013745 1.054478 -0.001531 -0.004035 -0.000255 0.999991
43.477330 -0.019527 -0.016503 1.041420 -0.000940 -0.002736 0.000975 0.999995
43.581040 -0.019806 -0.021558 1.061789 0.000587 -0.002928 0.000644 0.999995
43.684940 -0.019462 -0.023378 1.138357 0.002338 -0.003415 0.000386 0.999991
43.788690 -0.019716 -0.019343 1.038725 0.001604 -0.003276 0.000320 0.999993
43.892430 -0.020999 -0.015390 1.102289 0.000147 -0.002837 0.000387 0.999996
43.996060 -0.023232 -0.013157 1.101706 -0.002285 -0.003030 -0.000571 0.999993
44.099960 -0.021595 -0.017705 1.128935 -0.002673 -0.002894 -0.000045 0.999992
44.203560 -0.020930 -0.021809 1.172306 0.000680 -0.003054 -0.000188 0.999995
44.307300 -0.021285 -0.024480 1.263932 0.001689 -0.002686 -0.000434 0.999995
44.411040 -0.019134 -0.020921 1.195706 0.002487 -0.002036 0.000343 0.999995
44.514790 -0.017889 -0.019226 1.170110 0.000226 -0.002010 0.000910 0.999998
44.618540 -0.018162 -0.021182 1.181575 -0.000612 -0.002330 0.001537 0.999996
44.722330 -0.019555 -0.021403 1.198747 -0.000230 -0.002647 0.001475 0.999995
44.826160 -0.020608 -0.019635 1.176480 0.000347 -0.002518 0.001180 0.999996
44.929790 -0.019115 -0.017188 1.148986 -0.000073 -0.002137 0.001624 0.999996
45.033540 -0.020220 -0.019904 1.213392 -0.001381 -0.001941 -0.000690 0.999997
45.137340 -0.019097 -0.020974 1.162014 -0.000160 -0.002108 -0.000128 0.999998
45.241040 -0.020309 -0.019862 1.110401 0.001080 -0.002474 -0.000530 0.999996
45.344810 -0.019171 -0.019907 1.100590 -0.000204 -0.002149 -0.000026 0.999998
45.448540 -0.020304 -0.018495 1.095136 0.000436 -0.002761 0.000450 0.999996
45.552290 -0.020242 -0.019595 1.033519 -0.001750 -0.002762 -0.000970 0.999994
45.656170 -0.019373 -0.020197 1.098651 0.001478 -0.001982 0.000253 0.999997
45.759920 -0.019278 -0.018510 1.106889 -0.000523 -0.002497 0.000116 0.999997
45.863670 -0.021203 -0.016547 1.050573 -0.001457 -0.002220 -0.002083 0.999994
45.967420 -0.019535 -0.017991 1.066103 -0.002081 -0.001721 -0.001972 0.999994
46.071290 -0.016871 -0.016394 1.022051 -0.000340 -0.001063 -0.001043 0.999999
46.175050 -0.015259 -0.018583 0.992879 -0.002889 -0.000916 -0.001079 0.999995
46.278790 -0.016083 -0.024802 1.074785 0.000001 -0.001107 -0.001279 0.999999
46.382670 -0.014833 -0.026360 1.061201 0.001848 -0.000325 -0.000536 0.999998
46.486540 -0.013234 -0.020693 1.090628 0.004019 0.000343 0.001060 0.999991
46.590420 -0.011320 -0.017258 1.034215 -0.000212 0.000402 -0.000060 1.000000
46.694170 -0.011612 -0.014769 1.063533 -0.001096 0.000677 -0.001427 0.999998
46.798050 -0.009601 -0.017055 1.055990 -0.002579 0.000695 -0.000943 0.999996
46.901920 -0.007345 -0.019766 1.076469 -0.000556 0.001476 0.000382 0.999999
47.005800 -0.005044 -0.022162 1.056724 -0.000122 0.002727 -0.000011 0.999996
47.109670 -0.004595 -0.020287 1.075753 0.002048 0.003617 -0.000687 0.999991
47.213560 -0.004916 -0.020371 1.083609 0.001333 0.003636 -0.000300 0.999992
47.317420 -0.004666 -0.018655 1.082596 0.000785 0.003800 -0.000089 0.999992
47.421170 -0.005002 -0.018015 1.023409 -0.000679 0.003634 -0.000320 0.999993
47.525050 -0.005120 -0.016496 1.022376 -0.000024 0.003630 -0.000007 0.999993
47.628800 -0.004800 -0.012649 0.940968 -0.001907 0.003996 -0.000756 0.999990
47.732670 -0.002903 -0.012182 0.872773 -0.003537 0.004856 -0.000873 0.999982
47.836440 -0.000816 -0.017417 0.920704 -0.002952 0.005410 -0.001295 0.999980
47.940170 -0.004883 -0.021289 0.966091 0.001165 0.003932 -0.001041 0.999991
48.043920 -0.006111 -0.022776 1.082607 0.003156 0.004338 -0.000101 0.999986
48.147690 -0.005693 -0.019246 1.047201 0.002117 0.004557 0.000581 0.999987
48.251420 -0.004844 -0.016636 0.975168 -0.000606 0.003883 0.000638 0.999992
48.355050 -0.007582 -0.016772 1.052861 -0.001361 0.002980 -0.000309 0.999995
48.458800 -0.008593 -0.017556 1.108708 -0.000725 0.002950 -0.000625 0.999995
48.562550 -0.010009 -0.019549 1.189325 -0.000517 0.002342 -0.000981 0.999997
48.666190 -0.011920 -0.021454 1.331460 -0.000757 0.002163 -0.001581 0.999996
48.769940 -0.013359 -0.020528 1.280297 -0.000570 0.002090 -0.001695 0.999996
48.873550 -0.012381 -0.021773 1.228476 -0.000258 0.002134 -0.001077 0.999997
48.977300 -0.012809 -0.021155 1.230595 -0.000292 0.002153 -0.001297 0.999997
49.080930 -0.012039 -0.020243 1.164345 0.000121 0.002418 -0.001438 0.999996
49.184670 -0.011381 -0.020606 1.126613 0.000016 0.002281 -0.001069 0.999997
49.288320 -0.010425 -0.019995 1.153687 -0.000122 0.002169 -0.000070 0.999998
49.392050 -0.010771 -0.020708 1.162253 -0.000580 0.002018 -0.001006 0.999997
49.495800 -0.009780 -0.019501 1.091506 -0.000107 0.001519 -0.000053 0.999999
49.599420 -0.011970 -0.019736 1.145051 -0.000823 0.001484 -0.000825 0.999998
49.703170 -0.011139 -0.021281 1.169064 -0.000671 0.001752 -0.000754 0.999998
49.806800 -0.010357 -0.023962 1.182258 0.000393 0.002117 -0.000020 0.999998
49.910550 -0.011105 -0.022850 1.169385 0.001316 0.002015 0.001238 0.999996
50.014170 -0.011280 -0.016128 1.170495 -0.000080 0.000903 0.001820 0.999998
50.117990 -0.011647 -0.012675 1.165438 -0.002480 0.000157 0.001517 0.999996
50.221580 -0.009989 -0.013114 1.082212 -0.004203 -0.000002 0.001251 0.999990
50.325300 -0.011135 -0.017338 1.156202 -0.002691 0.000452 0.001202 0.999996
50.428990 -0.011618 -0.025279 1.171043 0.000437 0.001011 0.000767 0.999999
50.532690 -0.013924 -0.026937 1.133386 0.003115 0.001224 0.000436 0.999994
50.636450 -0.013631 -0.025373 1.182785 0.003305 0.001712 -0.000126 0.999993
50.740210 -0.013900 -0.018007 1.111257 0.000847 0.001309 0.000624 0.999999
50.843990 -0.012582 -0.015638 1.132974 -0.001122 0.000788 0.000453 0.999999
50.947600 -0.012213 -0.015765 1.170257 -0.002139 0.000711 -0.000286 0.999997
51.051200 -0.010695 -0.018588 1.186966 -0.002376 0.000767 -0.000380 0.999997
51.154950 -0.011118 -0.019925 1.215571 -0.002050 0.000676 -0.000207 0.999998
51.258560 -0.011542 -0.023176 1.226170 -0.000591 0.000522 -0.000068 1.000000
51.362310 -0.014016 -0.025253 1.218787 0.001261 0.000815 -0.000674 0.999999
51.465930 -0.014278 -0.021646 1.186828 0.001113 0.000556 -0.000537 0.999999
51.569680 -0.013833 -0.017760 1.182523 -0.000403 0.000582 -0.000190 1.000000
51.673320 -0.013382 -0.019869 1.221788 -0.001766 0.000882 -0.000001 0.999998
51.776930 -0.012255 -0.024325 1.273491 -0.000614 0.000952 -0.000505 0.999999
51.880670 -0.013541 -0.022475 1.239019 0.000733 0.001008 -0.000524 0.999999
51.984300 -0.013363 -0.021249 1.161793 0.000561 0.000727 -0.000162 1.000000
52.088050 -0.012030 -0.018283 1.097971 -0.000524 0.000392 -0.000165 1.000000
52.191670 -0.011524 -0.015552 1.037477 -0.001219 -0.000163 0.000489 0.999999
52.295430 -0.011781 -0.017008 1.134811 -0.001100 0.000195 0.001136 0.999999
52.399170 -0.012126 -0.018036 1.170227 -0.001153 -0.000246 0.001449 0.999998
52.502930 -0.011387 -0.018638 1.160170 -0.001211 0.000002 0.002179 0.999997
52.606680 -0.013133 -0.017931 1.148684 -0.001420 0.000218 0.001654 0.999998
52.710430 -0.013051 -0.018979 1.192478 -0.000694 -0.000109 0.001920 0.999998
52.814180 -0.012745 -0.018954 1.167758 -0.001535 -0.000487 0.001294 0.999998
52.917930 -0.016347 -0.021112 1.279739 -0.000733 -0.000454 0.001404 0.999999
53.021680 -0.015653 -0.022867 1.269413 -0.001685 -0.000498 0.001004 0.999998
53.125430 -0.014323 -0.022428 1.159001 -0.000524 -0.000640 -0.000434 1.000000
53.229180 -0.015640 -0.019826 1.108757 -0.000680 -0.000398 0.000289 1.000000
53.332930 -0.015097 -0.017883 1.139914 -0.000719 -0.000449 0.000648 0.999999
53.436550 -0.015062 -0.015319 1.102528 -0.001547 -0.000477 0.000274 0.999999
53.540300 -0.014643 -0.013700 1.161600 -0.002227 -0.000316 -0.000311 0.999997
53.644050 -0.014247 -0.013563 1.114276 -0.003346 0.000027 -0.000780 0.999994
53.747800 -0.015313 -0.015039 1.149314 -0.002980 -0.000200 -0.002693 0.999992
53.851550 -0.014606 -0.016951 1.152076 -0.001468 0.000361 -0.002645 0.999995
53.955300 -0.016106 -0.018261 1.146302 -0.001280 0.000082 -0.002596 0.999996
54.059050 -0.014966 -0.017865 1.064228 -0.000418 0.000241 -0.002841 0.999996
54.162800 -0.014022 -0.018576 1.003349 0.000189 0.000498 -0.001941 0.999998
54.266550 -0.013784 -0.020314 1.037004 0.000766 0.000762 -0.000748 0.999999
54.370180 -0.013066 -0.019498 1.005803 0.000893 0.000753 -0.000463 0.999999
54.473930 -0.012205 -0.018485 1.009263 -0.000323 0.000854 -0.001577 0.999998
54.577570 -0.010681 -0.015735 0.927099 0.000267 0.000578 -0.001211 0.999999
54.681310 -0.012502 -0.013601 0.839282 0.000354 -0.000842 -0.000929 0.999999
54.785060 -0.006735 -0.013769 0.927112 -0.000430 0.002502 -0.001192 0.999996
54.888800 -0.006005 -0.015732 0.881723 -0.000758 0.002603 -0.002001 0.999994
54.992680 -0.004282 -0.017068 0.845073 -0.000643 0.003569 -0.001810 0.999992
55.096430 -0.004117 -0.019125 0.775677 0.000547 0.003686 -0.002821 0.999989
55.200180 -0.003621 -0.018936 0.846697 0.002776 0.004556 -0.001171 0.999985
55.304050 -0.003948 -0.017103 0.840913 0.002243 0.005499 -0.001563 0.999981
55.407810 0.000889 -0.013469 0.825199 0.001482 0.006718 -0.000173 0.999976
55.511680 -0.000662 -0.007527 0.791203 -0.000446 0.006003 -0.001369 0.999981
55.615430 -0.002389 -0.008135 0.827023 -0.003078 0.005891 -0.002113 0.999976
55.719180 -0.000328 -0.007439 0.822423 -0.002831 0.006443 -0.001560 0.999974
55.822930 0.000298 -0.010715 0.835195 -0.002488 0.006480 -0.000722 0.999976
55.926680 0.001769 -0.013392 0.876467 -0.001113 0.007188 0.000184 0.999974
56.030430 0.002389 -0.014558 0.813468 0.000300 0.007116 0.000848 0.999974
56.134050 -0.000451 -0.015459 0.813327 0.001426 0.006490 -0.000290 0.999978
56.237800 -0.000214 -0.013300 0.835388 0.000847 0.005626 0.000751 0.999984
56.341580 0.000224 -0.008747 0.847173 -0.000469 0.003961 0.000027 0.999992
56.445350 0.003857 -0.004596 0.897307 -0.003173 0.005323 0.000178 0.999981
56.549070 0.008315 -0.001282 0.847771 -0.007043 0.007465 0.000716 0.999947
56.652940 0.006028 -0.002053 0.788023 -0.006043 0.007266 0.000387 0.999955
56.756680 0.004427 -0.009064 0.883439 -0.005289 0.006938 0.000226 0.999962
56.860440 -0.001151 -0.015969 0.881863 -0.001642 0.004039 -0.000699 0.999990
56.964280 -0.002223 -0.015833 0.915073 0.000124 0.004663 -0.001645 0.999988
57.068060 -0.000228 -0.013853 0.963159 0.000154 0.005294 -0.000721 0.999986
57.171890 0.001835 -0.010286 0.914851 -0.002062 0.004249 0.000926 0.999988
57.275560 0.002008 -0.011163 0.917732 -0.002402 0.004649 0.001566 0.999985
57.379330 -0.000480 -0.014031 0.935609 -0.001583 0.004032 0.000466 0.999991
57.483060 -0.005423 -0.017602 0.961748 -0.000547 0.002985 -0.000704 0.999995
57.586810 -0.007665 -0.018569 1.003971 0.000425 0.003298 -0.001315 0.999994
57.690560 -0.004816 -0.017532 0.952272 0.000074 0.003650 -0.001141 0.999993
57.794300 -0.003170 -0.016129 0.900064 -0.000539 0.003921 -0.000946 0.999992
57.898200 -0.000127 -0.016694 0.887404 -0.000481 0.005491 -0.000036 0.999985
58.001930 0.000404 -0.016311 0.850140 -0.000075 0.006087 0.000568 0.999981
58.105810 0.002791 -0.014732 0.858324 0.000352 0.006567 0.000333 0.999978
58.209680 0.004183 -0.014544 0.901359 0.000197 0.007045 0.000952 0.999975
58.313440 0.003386 -0.016366 0.895213 -0.000498 0.006535 0.000977 0.999978
58.417310 0.000227 -0.018932 0.913930 0.001128 0.006667 0.000323 0.999977
58.521060 0.000371 -0.018949 0.859221 0.002439 0.007844 -0.000912 0.999966
58.624930 0.002710 -0.013513 0.767258 0.003745 0.008964 -0.001194 0.999952
58.728680 0.003571 -0.013270 0.737773 0.003422 0.008678 -0.001105 0.999956
58.832680 0.006366 -0.011961 0.704082 0.002584 0.008829 0.000177 0.999958
58.936580 0.007543 -0.014709 0.734219 0.001030 0.009566 0.000366 0.999954
59.040430 0.007126 -0.014198 0.751377 0.001184 0.009601 -0.000230 0.999953
59.144310 0.007555 -0.015575 0.880116 0.001860 0.010336 -0.000220 0.999945
59.248190 0.011509 -0.012651 0.925258 0.002382 0.010623 0.001307 0.999940
59.352060 0.014743 -0.011339 0.885295 0.001222 0.009898 0.002145 0.999948
59.455810 0.013722 -0.006760 0.791007 -0.000184 0.009703 0.001936 0.999951
59.559560 0.009732 -0.008455 0.854335 -0.001738 0.008148 0.001512 0.999964
59.663310 0.008122 -0.007994 0.847093 -0.003345 0.006835 0.001864 0.999969
59.766940 0.006317 -0.012472 0.870770 -0.003820 0.005557 0.003044 0.999973
59.870680 0.003069 -0.014274 0.899291 -0.002233 0.004707 0.002402 0.999984
59.974310 -0.004131 -0.016429 0.967048 -0.000687 0.003837 -0.000058 0.999992
60.078080 -0.006778 -0.015593 0.983392 -0.001018 0.003112 -0.001538 0.999993
60.181800 -0.006065 -0.018439 0.987131 -0.001970 0.003151 0.000051 0.999993
60.285560 -0.008082 -0.020562 0.918348 -0.000201 0.004706 -0.001097 0.999988
60.389310 -0.002293 -0.016190 0.759665 0.004965 0.004893 -0.000350 0.999976
60.493060 -0.004414 -0.016526 0.823653 0.006628 0.003419 0.000183 0.999972
60.596810 -0.006485 -0.012385 0.844775 0.004671 0.003388 0.002086 0.999981
60.700580 -0.015996 -0.012804 1.022323 -0.000530 0.000683 -0.002059 0.999998
60.804180 -0.017230 -0.014319 1.055296 -0.004083 -0.000363 -0.000820 0.999991
60.907960 -0.015832 -0.013955 0.913620 -0.001691 -0.000325 -0.000756 0.999998
61.011600 -0.001521 -0.018341 0.933084 0.004536 0.005065 0.000561 0.999977
61.115330 -0.009757 -0.018523 0.934834 0.005893 0.001510 0.000796 0.999981
61.218940 -0.012940 -0.011598 0.820420 0.004234 -0.001350 0.003968 0.999982
61.322690 -0.017849 -0.006907 0.887822 -0.001747 -0.001022 -0.000993 0.999997
61.426430 -0.019415 -0.008234 0.924526 -0.006034 -0.000630 -0.001686 0.999980
61.530190 -0.015034 -0.013165 0.843232 -0.003065 0.000099 -0.000687 0.999995
61.633820 -0.010633 -0.019722 0.826051 0.002654 -0.000451 0.000205 0.999996
61.737600 -0.010025 -0.018110 0.817604 0.005564 0.000140 0.000436 0.999984
61.841310 -0.009632 -0.013549 0.726836 0.003870 0.000222 0.000156 0.999992
61.945060 -0.009959 -0.017351 0.809218 0.001023 0.000002 0.000311 0.999999
62.048840 -0.008080 -0.018284 0.759780 0.001889 0.000820 0.000719 0.999998
62.152610 -0.008232 -0.015484 0.743317 0.003123 0.001709 -0.000395 0.999994
62.256400 -0.009640 -0.015303 0.793436 0.002085 0.001378 -0.000901 0.999996
62.360060 -0.008592 -0.013926 0.809809 0.001330 0.001993 -0.002323 0.999994
62.463960 -0.004884 -0.015403 0.870830 0.000599 0.004046 -0.001608 0.999990
62.567930 0.005233 -0.013726 0.803478 0.000233 0.007474 -0.001251 0.999971
62.671810 0.010093 -0.012278 0.718231 0.000679 0.008233 -0.001089 0.999965
62.775810 0.013035 -0.010145 0.688833 0.000497 0.009253 0.000248 0.999957
62.879830 0.013498 -0.013257 0.735188 -0.000413 0.008638 0.001340 0.999962
62.983690 0.011225 -0.012777 0.658312 0.000352 0.008034 0.000753 0.999967
63.087560 0.011436 -0.013061 0.641359 0.000607 0.008286 0.000598 0.999965
63.191440 0.011957 -0.013298 0.649124 0.000463 0.008083 0.001237 0.999966
63.295440 0.011266 -0.013099 0.649036 -0.000162 0.008253 0.000179 0.999966
63.399310 0.013316 -0.012724 0.603685 -0.000577 0.008431 0.000280 0.999964
63.503190 0.016255 -0.015855 0.585622 0.000407 0.008547 0.002419 0.999960
63.607060 0.018244 -0.015965 0.515070 0.002548 0.008611 0.002087 0.999957
63.710810 0.019751 -0.014924 0.557822 0.004122 0.009565 0.001539 0.999945
63.814680 0.017685 -0.011789 0.482397 0.005225 0.008156 0.000848 0.999953
63.918440 0.012687 -0.009823 0.386046 0.004207 0.006811 0.000720 0.999968
64.022190 0.007087 -0.008537 0.340835 0.002679 0.005314 -0.000928 0.999982
64.125960 0.006321 -0.006859 0.337662 0.001188 0.004887 0.001373 0.999986
64.229690 0.007602 -0.002927 0.309824 0.000361 0.005191 0.002257 0.999984
64.333310 0.006696 -0.001170 0.313267 -0.000634 0.003808 0.003440 0.999987
64.437070 0.005919 -0.000327 0.301817 -0.001111 0.003829 0.003700 0.999985
64.540710 -0.000133 -0.002776 0.319374 -0.001074 0.002683 -0.000235 0.999996
64.644440 -0.003290 -0.002494 0.321713 -0.000761 0.001489 -0.002828 0.999995
64.748080 -0.003317 -0.000640 0.272932 -0.000767 0.000836 -0.002604 0.999996
64.851690 -0.001362 -0.002475 0.211769 -0.001005 0.000932 -0.000644 0.999999
64.955310 -0.000043 -0.004250 0.161046 0.000238 0.001196 0.001137 0.999999
65.059060 -0.000123 -0.003706 0.137342 0.000484 0.001072 0.001817 0.999998
65.162710 -0.002101 -0.003761 0.146916 0.000083 0.000722 0.001987 0.999998
65.266320 -0.005510 -0.003872 0.190681 0.000445 -0.000228 0.001053 0.999999
65.370060 -0.006835 -0.001652 0.217395 0.000757 -0.001120 -0.000400 0.999999
65.473690 -0.006850 0.000888 0.249158 -0.000325 -0.001125 0.002124 0.999997
65.577440 -0.006822 0.002571 0.242878 -0.001954 -0.001565 0.002608 0.999993
65.681060 -0.009440 -0.000811 0.250750 -0.001459 -0.001557 0.002108 0.999996
65.784810 -0.008780 -0.004128 0.237751 0.000027 -0.001547 0.001921 0.999997
65.888570 -0.012769 -0.004231 0.269449 0.000320 -0.001990 -0.000854 0.999998
65.992190 -0.012873 -0.003861 0.254277 0.000379 -0.002510 -0.000998 0.999996
66.095940 -0.012252 -0.003395 0.222698 0.000563 -0.002823 -0.000421 0.999996
66.199690 -0.012318 -0.002608 0.232313 0.000132 -0.002775 0.000698 0.999996
66.303310 -0.013792 -0.002672 0.306517 -0.000343 -0.003180 0.001138 0.999994
66.407070 -0.017982 -0.003082 0.336202 -0.000962 -0.004197 -0.001684 0.999989
66.510690 -0.021638 -0.002713 0.358095 -0.001339 -0.005834 -0.003092 0.999977
66.614310 -0.020497 -0.000478 0.341305 -0.001210 -0.006446 -0.001093 0.999978
66.718090 -0.019731 -0.003635 0.347289 -0.001005 -0.005812 0.001569 0.999981
66.821690 -0.022082 -0.003520 0.332670 -0.000690 -0.006603 0.002710 0.999974
66.925440 -0.026996 -0.003399 0.363815 -0.000670 -0.007468 0.002807 0.999968
67.029070 -0.030799 -0.003101 0.336446 -0.000377 -0.008694 0.002824 0.999958
67.132820 -0.032360 -0.002225 0.390893 0.000008 -0.009836 0.003122 0.999947
67.236440 -0.035891 -0.003059 0.422734 -0.000625 -0.011346 0.002502 0.999932
67.340070 -0.037726 -0.003396 0.376869 -0.000097 -0.012266 0.002111 0.999923
67.443690 -0.038460 -0.004266 0.353885 0.000091 -0.012598 0.001926 0.999919
67.547320 -0.040198 -0.004034 0.358528 0.000757 -0.013111 0.000842 0.999913
67.651080 -0.043267 -0.003330 0.363840 0.001016 -0.014268 -0.001187 0.999897
67.754690 -0.043570 -0.002750 0.384735 0.001034 -0.014778 -0.000349 0.999890
67.858320 -0.045714 -0.004732 0.402591 -0.000336 -0.015936 0.000429 0.999873
67.962080 -0.042097 -0.004114 0.395465 0.000006 -0.015055 0.001700 0.999885
68.065690 -0.043408 -0.004588 0.440347 -0.000113 -0.015232 0.001026 0.999883
68.169320 -0.043473 -0.004563 0.428577 -0.000222 -0.015896 0.000489 0.999874
68.273070 -0.044027 -0.005140 0.475785 -0.000126 -0.015623 -0.000092 0.999878
68.376700 -0.046022 -0.007103 0.534372 0.000199 -0.015395 -0.000467 0.999881
68.480320 -0.046029 -0.006517 0.571965 0.000615 -0.015031 0.000041 0.999887
68.584070 -0.044135 -0.007354 0.548313 -0.000106 -0.013699 0.000139 0.999906
68.687820 -0.039883 -0.007294 0.517803 -0.000238 -0.012578 0.000370 0.999921
68.791570 -0.038311 -0.007841 0.495198 -0.000069 -0.011488 0.000061 0.999934
68.895320 -0.037103 -0.007096 0.481111 0.000124 -0.010793 0.000036 0.999942
68.999070 -0.035453 -0.008295 0.463258 -0.000004 -0.010299 0.000436 0.999947
69.102840 -0.035735 -0.008152 0.471116 0.000129 -0.010359 0.001213 0.999946
69.206570 -0.034405 -0.007528 0.423690 -0.000092 -0.010184 0.001373 0.999947
69.310320 -0.035867 -0.007526 0.498742 0.000185 -0.010181 0.001937 0.999946
69.413950 -0.035096 -0.009292 0.592104 0.000126 -0.009949 0.001564 0.999949
69.517690 -0.035407 -0.009212 0.620425 -0.000001 -0.009067 0.000066 0.999959
69.621440 -0.032734 -0.009379 0.665143 0.000517 -0.007324 -0.000885 0.999973
69.725320 -0.032860 -0.009296 0.803469 0.000178 -0.007326 -0.000789 0.999973
69.829070 -0.029216 -0.009527 0.936132 -0.000718 -0.006829 0.000032 0.999976
69.932840 -0.026203 -0.007703 0.865691 -0.000554 -0.005446 -0.000741 0.999985
70.036720 -0.021806 -0.010254 0.905281 -0.000943 -0.003253 -0.000548 0.999994
70.140570 -0.019619 -0.013160 0.921933 -0.000572 -0.002216 0.000077 0.999997
70.244320 -0.017799 -0.012957 0.853960 -0.000169 -0.001993 0.000188 0.999998
70.348200 -0.017507 -0.014565 0.894294 -0.000248 -0.001547 0.000130 0.999999
70.451940 -0.017352 -0.015766 0.918238 -0.000181 -0.001393 0.000184 0.999999
70.555820 -0.016100 -0.015764 0.864688 0.000277 -0.001428 0.000624 0.999999
70.659570 -0.014606 -0.017027 0.858717 0.000104 -0.001040 0.001663 0.999998
70.763330 -0.013865 -0.016133 0.810928 0.000502 -0.000995 0.001470 0.999998
70.867190 -0.013067 -0.015217 0.759580 0.000453 -0.000900 0.001005 0.999999
70.970820 -0.014635 -0.015358 0.770732 0.000608 -0.000935 0.000211 0.999999
71.074690 -0.013106 -0.015670 0.815188 0.000802 -0.000899 0.000836 0.999999
71.178440 -0.012128 -0.015822 0.837272 0.000425 -0.000916 0.001106 0.999999
71.282190 -0.012020 -0.015307 0.858308 0.000411 -0.000943 0.001307 0.999999
71.385950 -0.013373 -0.016011 0.886557 0.000259 -0.000804 0.000910 0.999999
71.489570 -0.016946 -0.017739 0.897976 0.001188 -0.000827 -0.000541 0.999999
71.593330 -0.014233 -0.016174 0.848149 0.001474 -0.000610 -0.000343 0.999999
71.697200 -0.011828 -0.012107 0.860094 0.001279 -0.000332 -0.000033 0.999999
71.800950 -0.012002 -0.012016 0.894528 -0.000412 0.000123 -0.001248 0.999999
71.904720 -0.010628 -0.012778 0.874576 -0.000967 0.000262 -0.000091 0.999999
72.008470 -0.010824 -0.015535 0.887352 -0.000804 0.000474 0.000058 1.000000
72.112200 -0.010992 -0.017370 0.927603 0.000558 0.000423 0.001011 0.999999
72.215950 -0.011496 -0.017336 0.949258 0.000762 0.000104 0.000547 1.000000
72.319700 -0.010162 -0.016519 0.993624 0.000598 0.000250 0.000414 1.000000
72.423450 -0.012106 -0.017010 1.004604 0.000143 0.000127 -0.000134 1.000000
72.527200 -0.011609 -0.016894 1.023441 0.000390 0.000132 -0.000227 1.000000
72.630950 -0.012761 -0.017570 1.016696 0.000163 -0.000075 -0.000321 1.000000
72.734700 -0.011614 -0.017612 1.009702 0.000518 0.000235 0.000169 1.000000
72.838470 -0.012084 -0.016752 1.011632 0.000749 0.000412 -0.000300 1.000000
72.942200 -0.011900 -0.016804 1.004992 0.000294 0.000730 -0.000363 1.000000
73.045950 -0.012275 -0.017344 0.999862 -0.000160 0.000868 0.000129 1.000000
73.149700 -0.015952 -0.018436 1.058326 -0.000263 0.000681 -0.001459 0.999999
73.253450 -0.015122 -0.019088 1.061210 0.000501 0.000640 -0.001009 0.999999
73.357220 -0.010621 -0.018004 1.037223 0.001064 0.001911 -0.000398 0.999998
73.461070 -0.004859 -0.015478 0.895773 0.001234 0.004151 -0.001184 0.999990
73.564950 0.001108 -0.013487 0.817697 0.001287 0.005883 -0.001443 0.999981
73.668820 0.003951 -0.011516 0.895408 0.000981 0.007936 -0.001220 0.999967
73.772700 0.011263 -0.010616 0.904788 0.000351 0.010837 -0.000327 0.999941
73.876700 0.012222 -0.009649 0.894930 -0.000655 0.010507 -0.000206 0.999945
73.980600 0.013217 -0.011860 0.849151 -0.001800 0.011136 -0.000135 0.999936
74.084450 0.012372 -0.016255 0.775813 0.000001 0.010112 0.000110 0.999949
74.188450 0.015073 -0.015892 0.778622 0.000961 0.010892 0.001039 0.999940
74.292330 0.016360 -0.013072 0.820102 0.001314 0.012186 0.000274 0.999925
74.396200 0.017445 -0.012570 0.885212 0.000330 0.013024 -0.000760 0.999915
74.500110 0.017767 -0.015105 0.948329 -0.001157 0.013724 -0.001043 0.999905
74.603820 0.019251 -0.014405 0.854382 -0.000836 0.013833 0.000105 0.999904
74.707830 0.018341 -0.016981 0.833149 0.001471 0.013644 0.000119 0.999906
74.811700 0.021116 -0.013842 0.744925 0.003050 0.014423 0.000516 0.999891
74.915450 0.020849 -0.015370 0.827058 0.001978 0.015578 -0.000488 0.999877
75.019330 0.020899 -0.017088 1.014731 0.001938 0.016216 -0.001593 0.999865
75.123330 0.022921 -0.018782 0.986757 0.000153 0.016152 -0.000847 0.999869
75.227100 0.020136 -0.017053 0.982307 0.000646 0.016051 -0.001573 0.999870
75.330950 0.021601 -0.019777 1.064051 0.000295 0.016235 -0.000576 0.999868
75.434820 0.020124 -0.017919 1.039655 0.001554 0.016090 -0.001115 0.999869
75.538570 0.019290 -0.019868 1.090644 0.001115 0.014844 0.000275 0.999889
75.642200 0.017198 -0.021436 1.104265 0.000566 0.013611 0.000729 0.999907
75.745950 0.011453 -0.021351 1.043760 0.000504 0.011254 0.000843 0.999936
75.849580 0.010878 -0.019428 1.005620 0.000858 0.011061 0.000430 0.999938
75.953320 0.012244 -0.017246 1.107054 0.001122 0.012649 0.001070 0.999919
76.056950 0.013004 -0.017474 1.154478 0.000150 0.011988 0.001044 0.999928
76.160580 0.010360 -0.019057 1.185585 -0.001352 0.010871 0.001324 0.999939
76.264200 0.001463 -0.020000 1.161242 -0.000791 0.007289 0.000421 0.999973
76.367700 -0.003841 -0.023276 1.168201 0.001129 0.004987 0.000761 0.999987
76.471330 -0.006688 -0.022684 1.194194 0.001457 0.003252 -0.000022 0.999994
76.574950 -0.009533 -0.022061 1.253881 0.000067 0.002087 -0.001257 0.999997
76.678580 -0.009869 -0.024450 1.338937 -0.000023 0.002070 -0.001288 0.999997
76.782200 -0.013391 -0.024474 1.381227 0.000914 0.001858 -0.001457 0.999997
76.885860 -0.009575 -0.026351 1.338500 0.001433 0.002266 -0.000914 0.999996
76.989560 -0.007736 -0.023462 1.291525 0.000957 0.002575 -0.000188 0.999996
77.093250 -0.010105 -0.017428 1.280063 -0.000017 0.001711 -0.000755 0.999998
77.196950 -0.010902 -0.017812 1.288379 -0.001485 0.001089 -0.000796 0.999998
77.300580 -0.016728 -0.019466 1.306291 -0.002471 0.000269 -0.000487 0.999997
77.404200 -0.016302 -0.023086 1.236055 0.001075 0.000160 -0.001943 0.999998
77.507830 -0.015220 -0.023556 1.256731 0.002326 0.000215 -0.000840 0.999997
77.611580 -0.014671 -0.019742 1.206854 0.002095 -0.000098 -0.000182 0.999998
77.715200 -0.013081 -0.019387 1.221488 -0.000149 -0.000418 0.000237 1.000000
77.818950 -0.013612 -0.020106 1.263278 0.000034 0.000073 0.000070 1.000000
77.922710 -0.014577 -0.020806 1.259731 0.000054 0.000176 -0.000723 1.000000
78.026330 -0.011609 -0.018065 1.230586 0.000628 0.000523 0.000706 0.999999
78.130080 -0.012100 -0.020446 1.272241 -0.001397 0.001046 0.000460 0.999998
78.233830 -0.010849 -0.022456 1.304205 -0.000046 0.001368 0.001130 0.999998
78.337450 -0.012151 -0.023141 1.258228 -0.000231 0.001367 0.000873 0.999999
78.441200 -0.010350 -0.020934 1.246157 0.000419 0.001646 0.000879 0.999998
78.544830 -0.011734 -0.020842 1.253206 -0.000796 0.001515 0.000201 0.999999
78.648580 -0.009306 -0.021146 1.229216 -0.000261 0.001623 0.000890 0.999998
78.752330 -0.011929 -0.021276 1.264554 -0.001171 0.001512 -0.000391 0.999998
78.855950 -0.012277 -0.021466 1.279652 -0.001123 0.001842 -0.000166 0.999998
78.959710 -0.013732 -0.021666 1.228253 -0.000293 0.001684 -0.000819 0.999998
79.063330 -0.012507 -0.022379 1.197666 0.000112 0.001552 -0.000090 0.999999
79.167080 -0.012134 -0.023252 1.229825 -0.000156 0.001331 -0.000132 0.999999
79.270830 -0.012941 -0.022027 1.156988 -0.000301 0.000806 -0.000500 1.000000
79.374460 -0.012350 -0.023211 1.208855 0.000496 0.001055 0.000109 0.999999
79.478210 -0.011631 -0.019785 1.135383 -0.000126 0.000877 -0.000465 0.999999
79.581950 -0.010575 -0.021305 1.189530 -0.000094 0.001236 -0.000635 0.999999
79.685700 -0.010314 -0.023619 1.244200 -0.000315 0.001827 -0.000822 0.999998
79.789450 -0.012188 -0.024003 1.310326 -0.000085 0.002099 -0.000718 0.999998
79.893210 -0.011326 -0.024022 1.274469 -0.000250 0.001853 -0.001298 0.999997
79.996970 -0.012051 -0.024345 1.357096 0.000263 0.001477 -0.000790 0.999999
80.100580 -0.012394 -0.023959 1.428466 0.000352 0.001032 -0.000734 0.999999
80.204330 -0.014227 -0.022201 1.360878 0.000407 0.000811 -0.001029 0.999999
80.307980 -0.015035 -0.023125 1.437968 0.000019 0.000696 -0.000793 0.999999
80.411710 -0.014017 -0.025449 1.472509 0.000009 0.000852 -0.000750 0.999999
80.515330 -0.015951 -0.027776 1.530960 -0.000390 0.000788 -0.000517 0.999999
80.619080 -0.015090 -0.026663 1.452596 0.000185 0.000808 -0.000155 1.000000
80.722740 -0.016439 -0.023903 1.441798 -0.000151 0.000918 -0.000639 0.999999
80.826440 -0.018195 -0.024079 1.462527 -0.001347 0.000896 -0.001446 0.999998
80.930080 -0.016650 -0.024169 1.446085 -0.000360 0.000719 -0.000979 0.999999
81.033840 -0.017155 -0.023467 1.548537 -0.000441 0.000768 -0.001188 0.999999
81.137500 -0.019533 -0.023928 1.545603 -0.001021 0.000201 -0.000472 0.999999
81.241210 -0.019808 -0.022648 1.420521 -0.001024 -0.001044 -0.001183 0.999998
81.344940 -0.016915 -0.029654 1.551362 0.000074 0.000006 -0.000179 1.000000
81.448590 -0.017405 -0.027210 1.554830 0.001105 0.000165 -0.000817 0.999999
81.552330 -0.016870 -0.027374 1.498771 0.000347 0.000239 -0.000068 1.000000
81.656060 -0.024569 -0.023750 1.445777 -0.000016 -0.002466 -0.000049 0.999997
81.759710 -0.018281 -0.028191 1.587710 -0.000471 -0.000179 0.000485 1.000000
81.863460 -0.017904 -0.029695 1.562323 0.000385 -0.000229 -0.000280 1.000000
81.967080 -0.019601 -0.030088 1.600324 0.000896 -0.000013 -0.000227 1.000000
82.070830 -0.017885 -0.027251 1.504395 0.000613 -0.000081 0.000494 1.000000
82.174460 -0.018694 -0.023530 1.518079 -0.000189 -0.000306 0.000231 1.000000
82.278210 -0.020370 -0.023048 1.480541 -0.001101 -0.000615 0.000764 0.999999
82.381960 -0.019158 -0.025153 1.523476 -0.000698 -0.000462 0.000071 1.000000
82.485710 -0.019419 -0.027709 1.588161 -0.000392 0.000205 0.000277 1.000000
82.589430 -0.017698 -0.027941 1.617979 -0.000316 -0.000393 0.000776 1.000000
82.693080 -0.019411 -0.027947 1.488909 0.000354 -0.000313 -0.000358 1.000000
82.796920 -0.017867 -0.026114 1.465348 0.000077 0.000116 0.000376 1.000000
82.900600 -0.020800 -0.026576 1.475387 -0.000227 0.000086 -0.000910 1.000000
83.004230 -0.020474 -0.027997 1.620367 0.000378 0.000133 -0.000161 1.000000
83.107850 -0.015121 -0.025372 1.484231 -0.000258 0.000311 0.000172 1.000000
83.211580 -0.014453 -0.025016 1.525925 -0.000494 0.000171 0.000198 1.000000
83.315210 -0.014698 -0.023362 1.432767 -0.001176 0.000192 0.000162 0.999999
83.418960 -0.013583 -0.026255 1.356203 -0.000409 -0.000369 0.002453 0.999997
83.522590 -0.015790 -0.026650 1.366930 0.001079 -0.000217 0.001163 0.999999
83.626210 -0.018718 -0.027407 1.533604 0.001580 0.000094 0.000279 0.999999
83.729960 -0.018154 -0.023928 1.419225 0.000370 -0.000298 -0.000122 1.000000
83.833580 -0.019421 -0.024490 1.479730 -0.000853 -0.000207 -0.000543 0.999999
83.937350 -0.016975 -0.026211 1.498258 -0.000087 -0.000071 -0.000177 1.000000
84.040960 -0.017593 -0.026447 1.537050 -0.000063 0.000243 -0.000189 1.000000
84.144710 -0.017517 -0.026501 1.547620 -0.000036 0.000185 -0.000381 1.000000
84.248350 -0.016556 -0.024583 1.503990 -0.000367 0.000286 0.000422 1.000000
84.352100 -0.014903 -0.024762 1.397693 -0.000598 0.000448 -0.000064 1.000000
84.455710 -0.013923 -0.025045 1.352780 0.000336 0.000326 0.001269 0.999999
84.559380 -0.014000 -0.024621 1.403060 0.000206 0.000240 0.001544 0.999999
84.662980 -0.014373 -0.025242 1.498505 -0.000525 0.000371 0.001474 0.999999
84.766730 -0.016013 -0.026955 1.450162 -0.001129 0.000002 0.000959 0.999999
84.870340 -0.019275 -0.031279 1.527538 0.000362 -0.000748 0.000993 0.999999
84.973960 -0.019452 -0.026022 1.442986 0.001714 -0.000502 -0.000145 0.999998
85.077720 -0.018926 -0.022368 1.403473 -0.000531 -0.000445 -0.000809 0.999999
85.181330 -0.019772 -0.023465 1.436218 -0.000620 -0.000560 -0.000914 0.999999
85.285090 -0.017189 -0.022677 1.473392 -0.001196 0.000092 -0.000180 0.999999
85.388710 -0.013696 -0.021007 1.410883 -0.001033 0.000383 0.000858 0.999999
85.492460 -0.014907 -0.024203 1.444592 -0.000361 0.000264 0.001561 0.999999
85.596110 -0.014664 -0.028054 1.451334 0.000378 0.000567 0.001049 0.999999
85.699750 -0.013932 -0.025158 1.401878 0.000379 0.000862 0.000452 0.999999
85.803450 -0.016273 -0.024735 1.400935 -0.000423 0.000830 -0.000056 1.000000
85.907110 -0.015103 -0.025004 1.401394 -0.000086 0.000769 -0.000378 1.000000
86.010840 -0.015878 -0.023867 1.358900 0.000023 0.000568 -0.000772 1.000000
86.114460 -0.014905 -0.021181 1.381655 -0.000484 0.000403 -0.000416 1.000000
86.218210 -0.013320 -0.021005 1.424117 -0.001233 0.000535 -0.000617 0.999999
86.321830 -0.014665 -0.025104 1.475104 -0.001444 0.000612 -0.000501 0.999999
86.425590 -0.016568 -0.029998 1.431429 0.000416 0.000448 0.000127 1.000000
86.529210 -0.017539 -0.029103 1.444271 0.002403 0.000090 0.000457 0.999997
86.632980 -0.018000 -0.024193 1.459277 0.000380 -0.000172 -0.000648 1.000000
86.736730 -0.016700 -0.022053 1.361841 -0.000780 -0.000276 -0.000433 1.000000
86.840340 -0.018296 -0.023884 1.340038 -0.001043 -0.000445 -0.000583 0.999999
86.944090 -0.018647 -0.022873 1.326454 -0.000166 -0.000752 -0.000652 0.999999
87.047710 -0.017673 -0.019403 1.255972 -0.000465 -0.000778 -0.000840 0.999999
87.151360 -0.017240 -0.017255 1.237586 -0.001365 -0.000909 0.000146 0.999999
87.254960 -0.018176 -0.017121 1.229137 -0.001860 -0.000447 -0.000371 0.999998
87.358710 -0.019099 -0.020496 1.210479 -0.000611 -0.000390 -0.001334 0.999999
87.462460 -0.014659 -0.021221 1.157133 0.000584 -0.000282 0.000141 1.000000
87.566210 -0.012120 -0.018787 1.046907 0.001018 -0.000143 0.000081 0.999999
87.669860 -0.010031 -0.015945 0.918492 0.000256 -0.000187 0.000095 1.000000
87.773590 -0.009793 -0.014693 0.888740 0.000025 0.000966 -0.000762 0.999999
87.877340 -0.006388 -0.015206 0.939327 -0.000067 0.002686 -0.001340 0.999995
87.981210 0.000144 -0.012104 0.865450 0.000014 0.006377 -0.002129 0.999977
88.085210 0.008448 -0.009318 0.650895 0.000091 0.008881 -0.002519 0.999957
88.189210 0.012678 -0.009617 0.539140 0.000255 0.011425 -0.003630 0.999928
88.293330 0.019561 -0.008586 0.487630 0.000355 0.014007 -0.002976 0.999897
88.397460 0.026749 -0.007072 0.497820 0.000814 0.017300 -0.002782 0.999846
88.501590 0.032985 -0.006392 0.567849 0.000203 0.020194 -0.001740 0.999795
88.605840 0.037789 -0.005750 0.568198 -0.000255 0.023524 -0.002193 0.999721
88.710100 0.042062 -0.006097 0.612597 -0.000442 0.025414 -0.001669 0.999676
88.814340 0.042387 -0.007723 0.616513 -0.000434 0.025439 -0.001385 0.999675
88.918590 0.046389 -0.008666 0.658021 -0.000675 0.026959 0.000386 0.999636
89.022840 0.048697 -0.008576 0.607167 0.000177 0.027613 0.000676 0.999618
89.127090 0.049325 -0.009092 0.617385 0.001123 0.028445 0.000668 0.999595
89.231340 0.051103 -0.009091 0.640107 0.000459 0.028185 0.000211 0.999603
89.335590 0.054537 -0.007667 0.619484 0.001260 0.029303 0.000136 0.999570
89.439590 0.055926 -0.002606 0.491070 0.000517 0.028695 0.002618 0.999585
89.543710 0.054765 -0.002997 0.502816 0.000022 0.028170 0.002773 0.999599
89.647840 0.051118 -0.004137 0.539809 -0.000156 0.027918 0.001197 0.999609
89.751840 0.048034 -0.003799 0.579041 -0.000468 0.027945 -0.000922 0.999609
89.855840 0.047588 -0.005153 0.613243 -0.001000 0.027769 -0.000393 0.999614
89.959740 0.042968 -0.004740 0.637513 -0.000216 0.025126 0.001376 0.999683
90.063710 0.041665 -0.006819 0.627519 0.000166 0.024665 0.001047 0.999695
90.167590 0.044271 -0.008663 0.636404 0.002016 0.024385 -0.000348 0.999701
90.271490 0.056934 -0.006870 0.623158 0.002359 0.029913 -0.001767 0.999548
90.375470 0.055000 -0.004805 0.622418 0.000670 0.030471 -0.001479 0.999534
90.479340 0.059264 -0.000359 0.563185 -0.001167 0.032055 -0.000001 0.999485
90.583090 0.051783 -0.001334 0.564976 -0.001378 0.030073 -0.000495 0.999547
90.686970 0.054668 -0.001501 0.518881 0.000745 0.030292 -0.002722 0.999537
90.790840 0.054571 -0.006082 0.614283 0.001704 0.031425 -0.001699 0.999503
90.894590 0.050806 -0.005605 0.606738 0.001647 0.029401 -0.001050 0.999566
90.998490 0.056781 -0.005514 0.575818 0.001850 0.031102 -0.000430 0.999514
91.102090 0.056424 -0.006090 0.536180 0.000676 0.030799 -0.000574 0.999525
91.205840 0.053770 -0.007742 0.610658 -0.000347 0.030538 0.000493 0.999533
91.309470 0.047801 -0.007522 0.561345 0.000113 0.028481 -0.000019 0.999594
91.412970 0.042434 -0.007513 0.556174 0.000519 0.026230 -0.000127 0.999656
91.516590 0.038793 -0.009356 0.605823 0.000779 0.023526 -0.000047 0.999723
91.620220 0.034245 -0.009494 0.596358 0.001247 0.020998 -0.000305 0.999779
91.723710 0.027075 -0.008072 0.597461 0.000600 0.018273 0.000092 0.999833
91.827240 0.018930 -0.006981 0.700441 -0.000498 0.015237 0.000401 0.999884
91.930590 0.012813 -0.006829 0.805653 -0.002473 0.013584 -0.000846 0.999904
92.034130 0.006945 -0.007903 0.778026 -0.001701 0.011769 -0.003336 0.999924
92.137720 0.004892 -0.010880 0.856593 -0.000863 0.010620 -0.002025 0.999941
92.241220 0.005877 -0.009453 0.832829 -0.002056 0.011042 -0.001306 0.999936
92.344860 0.005965 -0.009788 0.783597 -0.002110 0.010959 -0.001707 0.999936
92.448600 0.003537 -0.010690 0.819136 -0.001993 0.011038 -0.003034 0.999932
92.552220 0.008050 -0.007807 0.759207 -0.001434 0.011523 -0.001292 0.999932
92.655970 0.009600 -0.008216 0.805522 -0.002179 0.012574 -0.000057 0.999919
92.759720 0.006981 -0.008073 0.781885 -0.002100 0.011637 -0.001203 0.999929
92.863470 0.006804 -0.009341 0.790041 -0.002147 0.011580 -0.001074 0.999930
92.967220 0.003129 -0.009535 0.863600 -0.000763 0.009477 -0.000687 0.999955
93.070970 0.006457 -0.010558 0.852621 -0.000990 0.010608 0.000172 0.999943
93.174720 0.007734 -0.009219 0.839295 -0.000743 0.011204 0.000239 0.999937
93.278470 0.010411 -0.007975 0.738892 -0.001364 0.011085 0.000507 0.999937
93.382090 0.011991 -0.009129 0.826143 -0.002113 0.012039 0.001649 0.999924
93.485840 0.007744 -0.010937 0.893105 -0.001731 0.009555 0.001327 0.999952
93.589470 0.004231 -0.011659 0.964642 -0.001238 0.007931 0.000732 0.999968
93.693120 -0.001928 -0.011073 1.014426 -0.000966 0.004957 0.000001 0.999987
93.796720 -0.005957 -0.012096 1.048552 -0.002312 0.002343 0.000083 0.999995
93.900350 -0.010318 -0.013401 1.060444 -0.002606 0.000219 -0.001835 0.999995
94.003970 -0.013718 -0.015936 1.083533 -0.001922 -0.000792 -0.002105 0.999996
94.107640 -0.016444 -0.022162 1.180652 0.000569 -0.000808 -0.000729 0.999999
94.211350 -0.014886 -0.022461 1.036438 0.002167 -0.001601 0.000363 0.999996
94.314990 -0.016626 -0.021127 1.081670 0.002919 -0.002325 0.001043 0.999992
94.418590 -0.015811 -0.017317 1.057964 0.001737 -0.002554 0.001152 0.999995
94.522220 -0.017048 -0.018962 1.170789 0.000617 -0.002466 0.000518 0.999997
94.625970 -0.018727 -0.017696 1.113237 -0.000830 -0.003017 -0.000619 0.999995
94.729720 -0.018677 -0.023403 1.144628 0.000670 -0.001840 -0.002165 0.999996
94.833490 -0.017472 -0.022563 1.190124 0.001906 -0.000645 -0.001606 0.999997
94.937220 -0.015471 -0.019037 1.149466 0.001345 -0.000186 -0.000697 0.999999
95.040970 -0.016958 -0.019175 1.174553 -0.000153 -0.000643 -0.001444 0.999999
95.144720 -0.015882 -0.018517 1.194776 0.000035 -0.000541 -0.000607 1.000000
95.248350 -0.014680 -0.016852 1.144332 -0.000620 -0.000231 -0.000068 1.000000
95.352090 -0.016612 -0.016136 1.204709 -0.000904 -0.000633 -0.000643 0.999999
95.455870 -0.017592 -0.019101 1.230833 -0.001461 -0.001572 -0.001127 0.999997
95.559540 -0.018210 -0.020508 1.198250 0.000021 -0.001554 -0.000598 0.999999
95.663110 -0.018313 -0.018845 1.158467 0.000364 -0.002136 -0.000055 0.999998
95.766850 -0.018386 -0.017620 1.137040 -0.000239 -0.002266 0.000057 0.999997
95.870470 -0.016539 -0.020006 1.108897 -0.000475 -0.002028 0.000728 0.999998
95.974250 -0.017442 -0.021355 1.137459 0.000669 -0.002135 0.000278 0.999997
96.077860 -0.017226 -0.019212 1.103738 0.000988 -0.001709 -0.000298 0.999998
96.181600 -0.016671 -0.016758 1.142558 0.000786 -0.000889 0.000454 0.999999
96.285350 -0.015304 -0.014973 1.009968 -0.001272 -0.001110 0.000007 0.999999
96.389100 -0.015095 -0.019502 1.014850 -0.000591 -0.001250 0.000343 0.999999
96.492870 -0.017034 -0.020908 1.068659 0.001057 -0.000777 -0.000532 0.999999
96.596600 -0.015991 -0.015961 1.039440 0.001640 -0.000611 -0.001158 0.999998
96.700350 -0.015865 -0.016082 1.207355 -0.001366 -0.000419 -0.001727 0.999997
96.803990 -0.013930 -0.016074 1.119416 -0.001750 -0.000311 -0.000586 0.999998
96.907730 -0.014262 -0.017445 1.061460 -0.000200 -0.000302 -0.000479 1.000000
97.011470 -0.015709 -0.018672 1.104597 0.001430 -0.000405 -0.000605 0.999999
97.115100 -0.015302 -0.016668 1.066536 0.000625 -0.000643 0.000130 1.000000
97.218890 -0.015200 -0.016072 1.049240 -0.000158 -0.000899 -0.000323 1.000000
97.322500 -0.016024 -0.017156 0.961761 0.000409 -0.001248 0.000296 0.999999
97.426220 -0.017449 -0.012418 0.956679 0.001468 -0.001315 -0.000727 0.999998
97.529990 -0.015602 -0.012777 0.966227 -0.001122 -0.001371 -0.000257 0.999998
97.633720 -0.013766 -0.012748 0.908797 -0.001096 -0.001328 0.000001 0.999999
97.737470 -0.015612 -0.017103 0.959861 0.000318 -0.001214 -0.000491 0.999999
97.841240 -0.016186 -0.016819 1.009412 0.001823 -0.001212 -0.000690 0.999997
97.945070 -0.014519 -0.015090 0.900426 0.000745 -0.001316 -0.000852 0.999998
98.048750 -0.010545 -0.015089 0.872057 0.000622 -0.000679 0.000740 0.999999
98.152470 -0.010411 -0.014855 0.840416 0.000073 -0.000495 -0.000114 1.000000
98.256230 -0.011586 -0.014067 0.825469 0.000880 -0.000556 -0.001258 0.999999
98.359970 -0.010056 -0.012153 0.827844 0.000676 -0.000556 -0.000529 0.999999
98.463720 -0.006887 -0.010216 0.787555 -0.000824 -0.000808 0.000528 0.999999
98.567470 -0.009000 -0.010313 0.811681 -0.001045 -0.001098 0.001052 0.999998
98.671230 -0.014043 -0.011834 0.806289 -0.000926 -0.001172 -0.001178 0.999998
98.774870 -0.013173 -0.012661 0.801951 -0.000024 -0.001149 -0.001096 0.999999
98.878600 -0.012415 -0.012606 0.787068 0.000079 -0.001143 -0.000825 0.999999
98.982350 -0.012810 -0.014704 0.806171 0.000020 -0.001069 -0.001570 0.999998
99.086100 -0.009583 -0.013682 0.772850 0.001028 -0.000907 0.000221 0.999999
99.189730 -0.008032 -0.010924 0.686086 0.000231 -0.000753 0.000666 0.999999
99.293480 -0.008074 -0.011221 0.661030 -0.000169 -0.000559 0.000373 1.000000
99.397230 -0.007553 -0.008675 0.568466 0.000700 -0.000476 -0.000196 1.000000
99.500850 -0.006531 -0.005473 0.544515 0.000263 -0.000167 -0.002162 0.999998
99.604600 -0.005974 -0.004904 0.520310 -0.000390 0.000094 -0.001213 0.999999
99.708350 -0.003614 -0.006394 0.473535 -0.000749 0.000344 0.000898 0.999999
99.811980 -0.001342 -0.007343 0.431809 0.000000 0.000966 0.002521 0.999996
99.915730 -0.005478 -0.006696 0.421737 0.000023 0.000615 0.000042 1.000000
100.019300 -0.007697 -0.005595 0.422070 0.000133 0.000017 -0.000784 1.000000
100.123100 -0.005352 -0.005519 0.423348 -0.000248 0.000340 -0.000207 1.000000
100.226700 -0.002000 -0.004896 0.357418 -0.000664 0.000740 0.000784 0.999999
100.330500 -0.003883 -0.007449 0.312066 -0.000516 0.000466 0.000333 1.000000
100.434100 -0.004307 -0.009210 0.320880 0.000552 0.000205 0.000474 1.000000
100.537900 -0.002268 -0.007826 0.325059 0.000663 0.000675 0.000567 0.999999
100.641500 -0.001156 -0.005977 0.309462 -0.000099 0.001044 0.000605 0.999999
100.745200 -0.000851 -0.004368 0.270594 -0.000516 0.000592 -0.000109 1.000000
100.848900 -0.001183 -0.003691 0.234999 -0.000881 0.000401 0.000012 1.000000
100.952600 -0.001857 -0.005561 0.265017 -0.000521 0.000705 0.000114 1.000000
101.056200 -0.002261 -0.005304 0.262458 -0.000157 0.000592 -0.000051 1.000000
101.160000 -0.003825 -0.005434 0.295371 0.000079 0.000363 -0.000568 1.000000
101.263600 -0.003841 -0.005213 0.351125 -0.000453 0.000616 -0.000906 0.999999
101.367400 -0.001563 -0.004757 0.345751 -0.000769 0.000912 -0.000259 0.999999
101.471000 -0.001157 -0.005327 0.326887 -0.000554 0.000662 0.000130 1.000000
101.574700 0.000065 -0.004573 0.303491 -0.000328 0.000685 0.000858 0.999999
101.678400 -0.000454 -0.002429 0.273620 -0.000299 0.000752 0.000486 1.000000
101.782100 -0.001301 -0.002340 0.279874 -0.000167 0.000613 -0.000412 1.000000
101.885900 -0.001129 -0.002522 0.292550 -0.000143 0.000423 -0.000350 1.000000
101.989600 -0.000600 -0.002117 0.323564 -0.000556 0.000272 0.000273 1.000000
102.093200 0.000044 -0.002379 0.331911 -0.000663 0.000372 0.000127 1.000000
102.197000 -0.000137 -0.004107 0.385776 -0.000475 0.000304 0.000080 1.000000
102.300700 0.000011 -0.004455 0.364068 -0.000178 0.000400 -0.000451 1.000000
102.404500 -0.000453 -0.005152 0.376325 0.000361 0.000500 -0.000583 1.000000
102.508300 0.000052 -0.005083 0.376439 0.000109 0.000557 0.000015 1.000000
102.611900 -0.000031 -0.003612 0.345773 -0.000289 0.000418 0.000369 1.000000
102.715600 0.001142 -0.003404 0.310012 -0.000128 0.000457 0.001136 0.999999
102.819400 0.000226 -0.002723 0.343201 -0.000450 0.000621 -0.000266 1.000000
102.923000 -0.003505 -0.002115 0.362845 -0.001795 0.000807 -0.002154 0.999996
103.026700 -0.002220 -0.003488 0.328451 -0.001228 0.001111 -0.001903 0.999997
103.130500 -0.000483 -0.005660 0.315006 -0.000058 0.000842 -0.000230 1.000000
103.234100 0.000954 -0.005365 0.275640 0.000656 0.000832 0.000810 0.999999
103.337900 0.001693 -0.003819 0.270099 0.000326 0.000918 0.000537 0.999999
103.441500 0.001440 -0.004251 0.267611 -0.000028 0.000757 0.000029 1.000000
103.545200 0.001089 -0.003647 0.246300 -0.000079 0.000744 -0.000575 1.000000
103.649000 0.000962 -0.003616 0.274353 -0.000020 0.000600 0.000006 1.000000
103.752600 0.000625 -0.004548 0.246680 0.000059 0.000433 0.000444 1.000000
103.856400 0.000084 -0.006362 0.311540 0.000788 0.000231 0.000916 0.999999
103.960100 0.000321 -0.005409 0.294709 0.001214 -0.000104 0.001325 0.999998
104.063700 -0.002971 -0.005513 0.314426 0.000516 -0.000613 0.001119 0.999999
104.167400 -0.007140 -0.005441 0.343842 0.000350 -0.001306 0.000974 0.999999
104.271000 -0.010266 -0.005514 0.406758 0.000324 -0.002471 0.000762 0.999997
104.374600 -0.010685 -0.004159 0.374901 -0.000319 -0.002781 0.000922 0.999996
104.478200 -0.014632 -0.004584 0.413018 0.000292 -0.004025 0.001148 0.999991
104.582000 -0.018592 -0.003777 0.430669 0.000543 -0.005010 -0.000095 0.999987
104.685700 -0.019947 -0.003593 0.402039 -0.000177 -0.005585 -0.000878 0.999984
104.789400 -0.020125 -0.003093 0.431015 -0.000166 -0.005393 0.000148 0.999985
104.893000 -0.021492 -0.001767 0.422270 -0.000440 -0.005133 -0.000072 0.999987
104.996700 -0.023237 -0.002380 0.434226 -0.001256 -0.005525 -0.000860 0.999984
105.100500 -0.023547 -0.004742 0.499993 -0.001341 -0.006056 -0.000489 0.999981
105.204100 -0.025820 -0.006816 0.617662 0.000757 -0.006461 -0.000384 0.999979
105.307700 -0.023796 -0.004510 0.604261 -0.000133 -0.005340 0.000165 0.999986
105.411500 -0.023078 -0.006897 0.608378 -0.002505 -0.004861 0.000444 0.999985
105.515300 -0.022766 -0.008453 0.637790 -0.001975 -0.005130 0.000346 0.999985
105.618900 -0.022195 -0.008712 0.650560 -0.001684 -0.005491 -0.000446 0.999983
105.722600 -0.022137 -0.008874 0.713391 -0.002365 -0.004724 -0.000996 0.999986
105.826500 -0.020750 -0.011622 0.774073 -0.002275 -0.003742 -0.000991 0.999990
105.930200 -0.019804 -0.014569 0.826061 -0.000577 -0.002751 -0.001587 0.999995
106.034100 -0.016831 -0.013377 0.818592 -0.000996 -0.001621 -0.000848 0.999998
106.137900 -0.017885 -0.014970 0.852553 -0.001533 -0.001188 -0.002345 0.999995
106.241700 -0.013672 -0.016480 0.917096 -0.000095 -0.000570 -0.000286 1.000000
106.345500 -0.013283 -0.018046 0.930486 -0.000273 -0.000154 -0.000810 1.000000
106.449200 -0.011931 -0.020929 0.875537 0.000214 -0.000572 -0.000664 1.000000
106.553000 -0.018718 -0.018857 0.891022 0.002950 -0.001210 -0.003339 0.999989
106.656800 -0.015579 -0.019376 0.900545 0.002291 -0.000370 -0.001779 0.999996
106.760500 -0.014905 -0.014027 0.928564 0.002666 -0.000209 -0.000026 0.999996
106.864200 -0.011415 -0.011632 0.866418 -0.000637 0.000010 0.000702 1.000000
106.968000 -0.014028 -0.012728 0.950929 -0.001592 -0.000364 -0.000918 0.999998
107.071800 -0.013506 -0.012792 0.935570 -0.001052 -0.000755 -0.000318 0.999999
107.175500 -0.014057 -0.015520 0.928270 -0.000943 -0.001048 -0.000483 0.999999
107.279100 -0.014060 -0.013286 0.944459 -0.000410 -0.000968 -0.000344 0.999999
107.382900 -0.015154 -0.013343 0.978797 -0.001276 -0.001206 0.000354 0.999998
107.486500 -0.016500 -0.016239 0.973421 -0.000537 -0.001789 0.000324 0.999998
107.590200 -0.018405 -0.016777 1.025357 -0.000485 -0.002464 -0.000346 0.999997
107.693900 -0.017318 -0.017529 1.056278 -0.000721 -0.002526 0.000484 0.999996
107.797600 -0.018616 -0.019152 1.101911 -0.000756 -0.002046 0.000159 0.999998
107.901200 -0.019626 -0.021503 1.158252 0.000195 -0.001450 -0.001008 0.999998
108.005000 -0.017614 -0.023015 1.190778 0.001013 -0.000590 -0.000495 0.999999
108.108700 -0.016313 -0.020984 1.136654 0.001359 -0.000383 -0.000467 0.999999
108.212500 -0.017120 -0.021252 1.080943 0.000783 0.000315 -0.002651 0.999996
108.316200 -0.013232 -0.020087 0.979449 0.000830 0.000777 -0.001513 0.999998
108.420000 -0.011221 -0.018128 0.930350 0.000591 0.000946 -0.001975 0.999997
108.523700 -0.009815 -0.016549 0.928801 0.000443 0.001255 -0.002221 0.999997
108.627500 -0.008214 -0.018247 0.932790 -0.000728 0.001432 -0.001229 0.999998
108.731200 -0.006666 -0.019821 0.933577 -0.000181 0.001951 -0.000616 0.999998
108.835100 -0.007754 -0.022476 1.002869 -0.000282 0.002012 -0.000859 0.999998
108.938900 -0.005533 -0.020208 0.895286 0.000729 0.001938 -0.001286 0.999997
109.042600 -0.005246 -0.020410 0.901535 0.000901 0.001202 -0.000834 0.999999
109.146400 -0.004168 -0.017646 0.870043 -0.000540 0.001908 -0.001027 0.999998
109.250100 -0.005109 -0.015317 0.891977 -0.000033 0.001977 -0.001795 0.999996
109.353900 -0.005818 -0.015139 0.878210 -0.000303 0.001654 -0.001959 0.999997
109.457600 -0.007502 -0.016257 0.875555 0.000233 0.001644 -0.002175 0.999996
109.561200 -0.008994 -0.015678 0.862382 0.000386 0.001588 -0.002316 0.999996
109.665000 -0.009151 -0.016877 0.990705 0.001019 0.001698 -0.001530 0.999997
109.768700 -0.007172 -0.016489 1.015443 -0.000050 0.001087 -0.000773 0.999999
109.872400 -0.007805 -0.015492 1.032637 0.000035 0.000905 -0.000801 0.999999
109.976100 -0.009761 -0.016800 1.009604 -0.000789 0.000346 -0.000939 0.999999
110.079700 -0.011247 -0.017096 0.998542 0.000519 0.000471 -0.000496 1.000000
110.183500 -0.012954 -0.018975 1.023241 0.000592 -0.000007 -0.000524 1.000000
110.287200 -0.013402 -0.019733 1.037832 0.000594 -0.000091 -0.000140 1.000000
110.390900 -0.014072 -0.018489 1.034048 -0.000386 -0.000479 0.000079 1.000000
110.494600 -0.015531 -0.019262 0.972895 -0.000077 -0.000799 -0.000733 0.999999
110.598200 -0.014166 -0.020273 0.967591 0.000889 -0.000905 -0.000604 0.999999
110.702000 -0.014126 -0.017967 0.942856 0.001581 -0.000871 -0.001053 0.999998
110.805600 -0.013211 -0.015511 0.936382 0.000341 -0.000988 -0.000499 0.999999
110.909200 -0.014571 -0.013392 1.009740 -0.001022 -0.001434 0.000284 0.999998
111.012900 -0.014974 -0.013955 0.970840 -0.001829 -0.001530 -0.000149 0.999997
111.116600 -0.014518 -0.017535 0.980373 -0.000475 -0.001263 0.000228 0.999999
111.220200 -0.014975 -0.021192 1.029314 0.000016 -0.001292 0.000939 0.999999
111.324000 -0.016035 -0.021204 1.012726 0.000706 -0.000806 -0.000406 0.999999
111.427600 -0.014529 -0.021153 1.014675 0.000104 -0.000873 0.000203 1.000000
111.531400 -0.014404 -0.021484 1.004002 0.000449 -0.000780 0.000454 0.999999
111.635000 -0.011478 -0.020128 0.945489 0.000643 -0.000436 0.000338 1.000000
111.738700 -0.013544 -0.017323 0.997010 0.000896 -0.000487 -0.000632 0.999999
111.842400 -0.014212 -0.013731 1.026910 -0.000390 -0.000813 -0.000832 0.999999
111.946100 -0.013461 -0.013539 1.004514 -0.002493 -0.000604 -0.000308 0.999997
112.049700 -0.011372 -0.017225 0.968046 -0.002073 -0.000058 -0.000668 0.999998
112.153500 -0.012528 -0.020988 0.987930 0.000148 0.000652 -0.001055 0.999999
112.257100 -0.013053 -0.019995 0.939498 0.001625 0.000819 -0.001685 0.999997
112.360900 -0.010798 -0.020093 0.972430 0.000886 0.001276 -0.001054 0.999998
112.464600 -0.008916 -0.018777 1.049435 0.000575 0.001917 -0.000084 0.999998
112.568200 -0.008219 -0.018802 1.012439 -0.001274 0.001895 0.000538 0.999997
112.672000 -0.010204 -0.018227 1.017329 -0.000030 0.001403 -0.000586 0.999999
112.775600 -0.010907 -0.018595 1.022205 -0.000079 0.001222 -0.000255 0.999999
112.879400 -0.011650 -0.018743 1.073831 -0.000403 0.001279 -0.000460 0.999999
112.983000 -0.011357 -0.020651 1.033800 0.000198 0.001240 -0.000492 0.999999
113.086700 -0.011191 -0.023379 1.002628 0.001507 0.000943 -0.000736 0.999998
113.190500 -0.013376 -0.023333 1.012824 0.004377 0.000631 0.000022 0.999990
113.294100 -0.014937 -0.020394 1.020083 0.002391 0.000881 -0.000494 0.999997
113.397800 -0.013811 -0.014138 0.950816 0.000666 0.000667 -0.001332 0.999999
113.501500 -0.010381 -0.013804 0.954935 -0.001707 0.000807 0.000145 0.999998
113.605200 -0.009880 -0.014479 0.932202 -0.001416 0.000720 0.000006 0.999999
113.709000 -0.010225 -0.014975 0.960139 0.000021 0.000765 0.000088 1.000000
113.812600 -0.008518 -0.018784 0.954730 0.000521 0.000477 0.000854 0.999999
113.916400 -0.007999 -0.015752 0.873117 0.002936 0.000357 0.002380 0.999993
114.020100 -0.008847 -0.011750 0.827526 0.001573 0.000233 0.000553 0.999999
114.123900 -0.008825 -0.010084 0.735893 -0.000348 0.000132 -0.000270 1.000000
114.227600 -0.008361 -0.010145 0.693176 -0.000549 -0.000036 -0.000847 0.999999
114.331400 -0.006753 -0.012525 0.617845 -0.000258 0.000010 0.000736 1.000000
114.435000 -0.006913 -0.014483 0.588191 0.001181 0.000179 0.000588 0.999999
114.538700 -0.008274 -0.010762 0.600124 0.002265 0.000112 -0.000905 0.999997
114.642500 -0.007078 -0.008371 0.540905 0.000770 -0.000225 -0.001143 0.999999
114.746300 -0.002837 -0.007645 0.541080 -0.000176 0.000445 0.000512 1.000000
114.850000 -0.000992 -0.006465 0.525062 -0.000803 0.000619 0.000637 0.999999
114.953800 -0.001778 -0.006942 0.502067 -0.000794 0.000663 0.000625 0.999999
115.057400 -0.005580 -0.008547 0.500925 0.000097 0.000076 -0.001112 0.999999
115.161100 -0.002423 -0.009471 0.507471 -0.000044 0.000526 0.000170 1.000000
115.264900 -0.001766 -0.009470 0.516191 0.000130 0.000869 0.000947 0.999999
115.368600 0.000514 -0.008271 0.485270 0.000198 0.000692 0.002527 0.999997
115.472400 -0.001992 -0.008765 0.475286 -0.000039 0.000313 0.001604 0.999999
115.576100 -0.002157 -0.008284 0.509745 0.000326 0.000198 0.001359 0.999999
115.679700 -0.003718 -0.008660 0.466249 0.000017 0.000191 0.000034 1.000000
115.783500 -0.003180 -0.007950 0.429468 0.000422 0.000255 0.000432 1.000000
115.887100 -0.003989 -0.007776 0.410167 0.000313 -0.000156 0.000247 1.000000
115.990900 -0.005370 -0.008611 0.412601 0.000344 -0.000006 -0.000073 1.000000
116.094600 -0.007477 -0.010022 0.382676 0.000774 -0.000229 -0.000993 0.999999
116.198300 -0.006945 -0.010414 0.367363 0.001044 -0.000425 -0.000240 0.999999
116.302000 -0.004347 -0.008930 0.383669 0.001353 -0.000331 0.000902 0.999999
116.405600 -0.003974 -0.007220 0.407789 0.000578 -0.000767 0.001265 0.999999
116.509400 -0.006825 -0.005831 0.420694 0.000035 -0.001291 0.000706 0.999999
116.613300 -0.008159 -0.006041 0.418675 0.000213 -0.001577 -0.000186 0.999999
116.716700 -0.008781 -0.005542 0.443017 0.000425 -0.001304 -0.000302 0.999999
116.820500 -0.009574 -0.005642 0.473291 0.000155 -0.001524 -0.000486 0.999999
116.924200 -0.008891 -0.005973 0.470219 -0.000293 -0.001665 -0.000192 0.999999
117.028000 -0.006414 -0.006566 0.441439 -0.000098 -0.001252 0.000548 0.999999
117.131600 -0.004631 -0.006508 0.445282 -0.000162 -0.001033 0.001335 0.999999
117.235400 -0.003655 -0.006545 0.413375 -0.000192 -0.000964 0.001378 0.999999
117.339100 -0.002729 -0.006866 0.385511 0.000093 -0.000561 0.001003 0.999999
117.442900 -0.003386 -0.006885 0.394590 0.000518 -0.000209 0.000105 1.000000
117.546700 -0.002450 -0.005647 0.385085 0.000716 0.000388 -0.000312 1.000000
117.650400 0.000161 -0.004204 0.367734 0.000321 0.000849 0.000637 0.999999
117.754000 0.001041 -0.002908 0.332922 -0.000184 0.000778 0.000674 0.999999
117.857700 -0.000318 -0.003689 0.336996 0.000069 0.000439 0.000454 1.000000
117.961500 -0.002715 -0.002726 0.325552 0.000133 -0.000011 0.000020 1.000000
118.065100 -0.001241 -0.001304 0.310643 -0.000108 0.000317 0.000269 1.000000
118.168900 -0.000556 -0.000627 0.297708 -0.000438 0.000514 0.000188 1.000000
118.272500 -0.001233 -0.001244 0.285395 -0.000164 0.000275 -0.000069 1.000000
118.376300 -0.002133 -0.001223 0.294855 0.000002 0.000119 -0.000493 1.000000
118.479900 -0.001861 -0.000596 0.296359 -0.000124 0.000306 -0.000572 1.000000
118.583600 0.000181 0.000100 0.269852 -0.000299 0.000449 0.000294 1.000000
118.687200 0.001324 0.000788 0.252703 -0.000495 0.000586 0.000628 1.000000
118.791000 0.000147 0.001264 0.234983 -0.000431 0.000356 0.000213 1.000000
118.894800 -0.000447 0.000558 0.234556 -0.000296 0.000495 -0.000256 1.000000
118.998500 -0.000168 0.000648 0.222494 -0.000231 0.000558 -0.000171 1.000000
119.102100 0.001182 0.000871 0.213498 -0.000430 0.000598 0.000249 1.000000
119.205900 0.001328 0.000457 0.200096 -0.000580 0.000562 0.000318 1.000000
119.309600 0.001227 0.000497 0.195237 -0.000536 0.000546 0.000220 1.000000
119.413200 0.001436 0.000887 0.191252 -0.000485 0.000510 0.000252 1.000000
119.517000 0.001180 0.001103 0.190211 -0.000528 0.000552 -0.000066 1.000000
119.620700 0.001435 0.000981 0.177928 -0.000500 0.000542 -0.000044 1.000000
119.724400 0.001563 0.001250 0.165659 -0.000344 0.000524 0.000076 1.000000
119.828100 0.001407 0.001749 0.164979 -0.000440 0.000544 -0.000028 1.000000
119.931900 0.001063 0.001671 0.156290 -0.000354 0.000558 -0.000257 1.000000
120.035500 0.000852 0.001798 0.146380 -0.000318 0.000529 -0.000270 1.000000
120.139200 0.000797 0.001875 0.141245 -0.000304 0.000469 -0.000150 1.000000
120.242900 0.000970 0.001777 0.134237 -0.000292 0.000450 -0.000143 1.000000
120.346600 0.001165 0.001695 0.131005 -0.000266 0.000520 -0.000062 1.000000
120.450200 0.001117 0.001458 0.132044 -0.000185 0.000488 0.000033 1.000000
120.554000 0.000920 0.001185 0.127785 -0.000131 0.000457 0.000004 1.000000
120.657600 0.000927 0.001215 0.126993 -0.000048 0.000463 0.000066 1.000000
120.761400 0.000992 0.001502 0.127504 -0.000119 0.000472 0.000178 1.000000
120.865000 0.000971 0.001779 0.135086 -0.000268 0.000454 0.000086 1.000000
120.968600 0.001429 0.002068 0.144625 -0.000330 0.000533 0.000068 1.000000
121.072400 0.001572 0.002220 0.143583 -0.000474 0.000543 -0.000064 1.000000
121.176000 0.001567 0.002128 0.147209 -0.000433 0.000614 -0.000013 1.000000
121.279700 0.001336 0.002460 0.145234 -0.000497 0.000637 -0.000052 1.000000
121.383400 0.001289 0.002414 0.144998 -0.000559 0.000566 -0.000260 1.000000
121.487100 0.001762 0.002344 0.153260 -0.000509 0.000479 -0.000046 1.000000
121.590900 0.001976 0.002646 0.154283 -0.000512 0.000519 -0.000038 1.000000
121.694500 0.001776 0.002663 0.160646 -0.000635 0.000468 -0.000054 1.000000
121.798200 0.001289 0.002455 0.154655 -0.000626 0.000353 -0.000123 1.000000
121.902000 0.001029 0.002257 0.154091 -0.000586 0.000323 -0.000139 1.000000
122.005600 0.000825 0.002471 0.157743 -0.000510 0.000277 -0.000131 1.000000
122.109400 0.001165 0.001958 0.171509 -0.000494 0.000138 0.000257 1.000000
122.213100 0.001284 0.001775 0.180052 -0.000538 0.000196 0.000282 1.000000
122.316800 0.000990 0.001808 0.193740 -0.000595 0.000273 0.000322 1.000000
122.420500 0.001020 0.001615 0.194122 -0.000439 0.000268 0.000298 1.000000
122.524300 0.001082 0.001288 0.186054 -0.000445 0.000153 0.000400 1.000000
122.628000 0.001101 0.001102 0.189184 -0.000393 0.000151 0.000297 1.000000
122.731600 0.000996 0.001045 0.199068 -0.000370 0.000255 0.000410 1.000000
122.835200 0.000259 0.001325 0.194606 -0.000444 0.000122 0.000619 1.000000
122.939000 0.000220 0.001486 0.200574 -0.000453 0.000095 -0.000066 1.000000
123.042600 0.000723 0.000550 0.211204 -0.000284 0.000226 0.000111 1.000000
123.146200 0.001380 -0.000312 0.225578 -0.000029 0.000199 0.000503 1.000000
123.250000 0.001681 -0.000271 0.241694 -0.000118 0.000293 0.001022 0.999999
123.353600 0.000607 0.000069 0.228943 -0.000286 0.000113 0.000565 1.000000
123.457400 0.000612 -0.000707 0.238391 -0.000441 0.000024 0.000609 1.000000
123.561000 0.001693 -0.000282 0.226259 -0.000596 0.000279 0.001345 0.999999
123.664800 0.001566 0.000393 0.215326 -0.000535 0.000280 0.000808 0.999999
123.768500 -0.000187 0.000097 0.227946 -0.000416 -0.000048 -0.000342 1.000000
123.872100 -0.000681 -0.000494 0.236306 -0.000190 0.000194 -0.000741 1.000000
123.975900 -0.000071 -0.000742 0.222298 -0.000108 0.000242 -0.000457 1.000000
124.079600 0.000116 0.000457 0.203887 -0.000373 -0.000084 -0.000411 1.000000
124.183200 -0.000377 0.000674 0.193665 -0.000470 -0.000051 -0.000681 1.000000
124.287000 -0.000041 0.001005 0.178878 -0.000538 -0.000028 -0.000462 1.000000
124.390600 -0.000407 0.001406 0.162916 -0.000740 -0.000270 -0.000596 1.000000
